evaluations raw_y
1 -578.0000000000
2 -423.0000000000
3 -376.0000000000
4 -335.0000000000
7 -322.0000000000
11 -261.0000000000
16 -255.0000000000
35 -221.0000000000
1180 -168.0000000000
1475 -141.0000000000
1508 -134.0000000000
1711 -128.0000000000
2021 -28.0000000000
3232 -21.0000000000
4033 -8.0000000000
5365 -74.0000000000
evaluations raw_y
1 -322.0000000000
3 -296.0000000000
18 -289.0000000000
28 -282.0000000000
29 -262.0000000000
109 -249.0000000000
176 -248.0000000000
638 -221.0000000000
775 -201.0000000000
935 -194.0000000000
1094 -174.0000000000
1342 -155.0000000000
1685 -154.0000000000
1916 -142.0000000000
1981 -121.0000000000
2015 -101.0000000000
2296 -88.0000000000
2692 -75.0000000000
2903 -69.0000000000
3628 -56.0000000000
4664 -42.0000000000
4838 -36.0000000000
5113 -35.0000000000
5365 -36.0000000000
evaluations raw_y
1 -308.0000000000
10 -302.0000000000
23 -288.0000000000
676 -255.0000000000
704 -188.0000000000
1508 -161.0000000000
2026 -141.0000000000
2107 -128.0000000000
2512 -122.0000000000
2903 -61.0000000000
3368 -54.0000000000
3506 -34.0000000000
4771 -21.0000000000
5066 -15.0000000000
5365 -88.0000000000
evaluations raw_y
1 -416.0000000000
5 -369.0000000000
7 -356.0000000000
8 -215.0000000000
568 -160.0000000000
1139 -147.0000000000
1508 -134.0000000000
1540 -94.0000000000
2107 -74.0000000000
2666 -55.0000000000
3404 -41.0000000000
4564 -34.0000000000
5365 -81.0000000000
evaluations raw_y
1 -376.0000000000
4 -342.0000000000
8 -275.0000000000
269 -268.0000000000
404 -194.0000000000
775 -161.0000000000
905 -155.0000000000
1370 -148.0000000000
1441 -142.0000000000
1475 -141.0000000000
1571 -95.0000000000
2531 -68.0000000000
2702 -61.0000000000
3628 -54.0000000000
3998 -42.0000000000
4070 -22.0000000000
5365 -42.0000000000
evaluations raw_y
1 -376.0000000000
10 -295.0000000000
23 -288.0000000000
31 -282.0000000000
35 -275.0000000000
208 -262.0000000000
404 -221.0000000000
473 -201.0000000000
1139 -167.0000000000
1367 -161.0000000000
1406 -154.0000000000
1658 -81.0000000000
2566 -74.0000000000
2696 -67.0000000000
2773 -61.0000000000
3365 -34.0000000000
5113 -22.0000000000
5365 -42.0000000000
evaluations raw_y
1 -282.0000000000
38 -276.0000000000
239 -262.0000000000
298 -228.0000000000
494 -221.0000000000
704 -154.0000000000
1117 -134.0000000000
1508 -127.0000000000
1805 -114.0000000000
2402 -88.0000000000
2702 -81.0000000000
2773 -80.0000000000
3358 -21.0000000000
5365 -67.0000000000
evaluations raw_y
1 -349.0000000000
6 -302.0000000000
12 -248.0000000000
740 -207.0000000000
1139 -135.0000000000
1441 -108.0000000000
2206 -95.0000000000
2702 -81.0000000000
3313 -75.0000000000
3404 -48.0000000000
5351 -35.0000000000
5365 -41.0000000000
evaluations raw_y
1 -376.0000000000
2 -276.0000000000
4 -255.0000000000
32 -221.0000000000
239 -168.0000000000
740 -161.0000000000
1180 -148.0000000000
1265 -134.0000000000
1475 -127.0000000000
1760 -114.0000000000
2597 -107.0000000000
2636 -74.0000000000
3017 -48.0000000000
3803 -29.0000000000
4294 -28.0000000000
5363 -22.0000000000
5365 -74.0000000000
evaluations raw_y
1 -517.0000000000
2 -301.0000000000
3 -295.0000000000
6 -248.0000000000
29 -235.0000000000
1019 -228.0000000000
1199 -174.0000000000
1250 -154.0000000000
2141 -134.0000000000
2696 -133.0000000000
2699 -114.0000000000
3043 -107.0000000000
3367 -94.0000000000
3599 -41.0000000000
4235 -28.0000000000
5365 -28.0000000000
evaluations raw_y
1 -558.0000000000
2 -282.0000000000
4 -275.0000000000
27 -248.0000000000
28 -228.0000000000
143 -215.0000000000
1279 -201.0000000000
1369 -182.0000000000
1370 -154.0000000000
2036 -148.0000000000
2267 -127.0000000000
2351 -121.0000000000
2582 -107.0000000000
3323 -101.0000000000
3998 -61.0000000000
4424 -53.0000000000
5015 -47.0000000000
5365 -80.0000000000
evaluations raw_y
1 -396.0000000000
4 -369.0000000000
6 -174.0000000000
1685 -154.0000000000
1865 -134.0000000000
2174 -114.0000000000
2531 -107.0000000000
2636 -94.0000000000
3248 -35.0000000000
5365 -101.0000000000
evaluations raw_y
1 -403.0000000000
2 -356.0000000000
7 -349.0000000000
15 -274.0000000000
29 -248.0000000000
239 -241.0000000000
353 -201.0000000000
1094 -154.0000000000
1601 -128.0000000000
1826 -114.0000000000
1916 -101.0000000000
2402 -95.0000000000
2471 -81.0000000000
2531 -68.0000000000
3263 -48.0000000000
3538 -42.0000000000
4031 -28.0000000000
4400 4.0000000000
5365 -9.0000000000
evaluations raw_y
1 -302.0000000000
11 -295.0000000000
12 -274.0000000000
23 -242.0000000000
676 -181.0000000000
1250 -147.0000000000
1475 -87.0000000000
2174 -67.0000000000
3277 -54.0000000000
3313 -47.0000000000
4013 -40.0000000000
4564 -36.0000000000
4700 -35.0000000000
5365 -54.0000000000
evaluations raw_y
1 -356.0000000000
3 -335.0000000000
4 -322.0000000000
14 -309.0000000000
17 -181.0000000000
1711 -167.0000000000
1916 -154.0000000000
2036 -74.0000000000
3232 -67.0000000000
3863 -48.0000000000
4204 -28.0000000000
5365 -74.0000000000
evaluations raw_y
1 -235.0000000000
775 -175.0000000000
1630 -168.0000000000
1805 -162.0000000000
1958 -141.0000000000
2426 -121.0000000000
2611 -75.0000000000
2773 -74.0000000000
3178 -42.0000000000
4424 -28.0000000000
5275 -21.0000000000
5365 -68.0000000000
evaluations raw_y
1 -450.0000000000
2 -369.0000000000
4 -322.0000000000
10 -276.0000000000
74 -248.0000000000
775 -214.0000000000
874 -181.0000000000
1685 -94.0000000000
1783 -81.0000000000
2701 -61.0000000000
3803 -47.0000000000
4028 -28.0000000000
4322 -22.0000000000
4685 -16.0000000000
5176 -15.0000000000
5300 -2.0000000000
5365 -62.0000000000
evaluations raw_y
1 -396.0000000000
7 -322.0000000000
16 -221.0000000000
428 -215.0000000000
704 -175.0000000000
775 -155.0000000000
1601 -141.0000000000
1630 -128.0000000000
2351 -61.0000000000
3158 -54.0000000000
3347 -41.0000000000
3968 -27.0000000000
4469 -9.0000000000
4988 -3.0000000000
5365 -15.0000000000
evaluations raw_y
1 -389.0000000000
5 -316.0000000000
13 -268.0000000000
143 -255.0000000000
298 -241.0000000000
404 -160.0000000000
740 -149.0000000000
775 -147.0000000000
1315 -134.0000000000
1601 -114.0000000000
1981 -94.0000000000
2107 -87.0000000000
2377 -81.0000000000
2426 -74.0000000000
2687 -48.0000000000
2807 -28.0000000000
3989 -8.0000000000
5321 4.0000000000
5365 -15.0000000000
evaluations raw_y
1 -409.0000000000
2 -329.0000000000
8 -309.0000000000
10 -262.0000000000
19 -235.0000000000
28 -208.0000000000
1217 -194.0000000000
1370 -175.0000000000
1508 -141.0000000000
2141 -114.0000000000
2738 -101.0000000000
3439 -95.0000000000
3824 -75.0000000000
4034 -55.0000000000
4172 -35.0000000000
5311 -29.0000000000
5365 -75.0000000000
