evaluations raw_y
1 -302.0000000000
26 -295.0000000000
29 -242.0000000000
32 -241.0000000000
35 -208.0000000000
49 -155.0000000000
16836 -302.0000000000
evaluations raw_y
1 -443.0000000000
2 -430.0000000000
4 -376.0000000000
5 -349.0000000000
10 -295.0000000000
14 -288.0000000000
53 -268.0000000000
55 -255.0000000000
73 -242.0000000000
80 -241.0000000000
157 -195.0000000000
16836 -470.0000000000
evaluations raw_y
1 -517.0000000000
3 -429.0000000000
5 -315.0000000000
15 -309.0000000000
22 -181.0000000000
16836 -463.0000000000
evaluations raw_y
1 -416.0000000000
2 -363.0000000000
11 -349.0000000000
13 -289.0000000000
20 -215.0000000000
16836 -396.0000000000
evaluations raw_y
1 -497.0000000000
3 -409.0000000000
5 -328.0000000000
10 -288.0000000000
22 -282.0000000000
31 -281.0000000000
40 -235.0000000000
103 -154.0000000000
16836 -497.0000000000
evaluations raw_y
1 -348.0000000000
6 -228.0000000000
179 -221.0000000000
255 -181.0000000000
272 -174.0000000000
339 -147.0000000000
413 -127.0000000000
425 -120.0000000000
471 -107.0000000000
482 -87.0000000000
538 -80.0000000000
587 -61.0000000000
601 -60.0000000000
680 -48.0000000000
699 -47.0000000000
716 -21.0000000000
802 -1.0000000000
912 5.0000000000
1219 6.0000000000
5005 6.0000000000
evaluations raw_y
1 -483.0000000000
2 -349.0000000000
7 -302.0000000000
11 -261.0000000000
409 -247.0000000000
438 -240.0000000000
488 -220.0000000000
504 -213.0000000000
534 -200.0000000000
581 -187.0000000000
598 -153.0000000000
638 -133.0000000000
657 -126.0000000000
735 -113.0000000000
745 -106.0000000000
818 -93.0000000000
839 -66.0000000000
889 -60.0000000000
947 -53.0000000000
985 -40.0000000000
1032 -34.0000000000
1063 -27.0000000000
1096 -20.0000000000
1133 -7.0000000000
1220 -1.0000000000
1459 5.0000000000
5005 4.0000000000
evaluations raw_y
1 -491.0000000000
3 -389.0000000000
6 -349.0000000000
8 -329.0000000000
11 -323.0000000000
248 -309.0000000000
261 -302.0000000000
340 -295.0000000000
348 -275.0000000000
403 -248.0000000000
439 -228.0000000000
477 -221.0000000000
509 -194.0000000000
570 -167.0000000000
586 -154.0000000000
668 -134.0000000000
695 -127.0000000000
719 -114.0000000000
726 -107.0000000000
819 -80.0000000000
866 -67.0000000000
884 -54.0000000000
950 -41.0000000000
971 -28.0000000000
1032 -15.0000000000
1126 -2.0000000000
1207 4.0000000000
1263 5.0000000000
1354 6.0000000000
5005 6.0000000000
evaluations raw_y
1 -517.0000000000
2 -470.0000000000
3 -363.0000000000
6 -362.0000000000
265 -342.0000000000
270 -315.0000000000
335 -288.0000000000
384 -268.0000000000
404 -241.0000000000
482 -201.0000000000
564 -181.0000000000
584 -174.0000000000
646 -154.0000000000
684 -141.0000000000
715 -120.0000000000
724 -100.0000000000
759 -94.0000000000
812 -87.0000000000
816 -81.0000000000
826 -74.0000000000
909 -61.0000000000
936 -60.0000000000
956 -54.0000000000
964 -33.0000000000
1071 -20.0000000000
1118 -14.0000000000
1240 -1.0000000000
1279 5.0000000000
5005 -28.0000000000
evaluations raw_y
1 -335.0000000000
2 -322.0000000000
4 -302.0000000000
24 -295.0000000000
104 -268.0000000000
179 -248.0000000000
184 -241.0000000000
248 -221.0000000000
249 -208.0000000000
261 -194.0000000000
327 -181.0000000000
330 -174.0000000000
360 -167.0000000000
378 -154.0000000000
398 -147.0000000000
409 -127.0000000000
487 -107.0000000000
540 -101.0000000000
550 -88.0000000000
570 -75.0000000000
577 -68.0000000000
578 -55.0000000000
639 -48.0000000000
641 -42.0000000000
728 -29.0000000000
745 -22.0000000000
825 -16.0000000000
828 -9.0000000000
935 -3.0000000000
980 2.0000000000
1036 3.0000000000
1070 4.0000000000
1106 5.0000000000
1228 6.0000000000
5005 6.0000000000
evaluations raw_y
1 -410.0000000000
3 -309.0000000000
4 -282.0000000000
16 -175.0000000000
67 -160.0000000000
12090 -430.0000000000
evaluations raw_y
1 -463.0000000000
3 -174.0000000000
12090 -409.0000000000
evaluations raw_y
1 -457.0000000000
2 -383.0000000000
4 -321.0000000000
5 -315.0000000000
7 -235.0000000000
12090 -491.0000000000
evaluations raw_y
1 -403.0000000000
3 -396.0000000000
5 -256.0000000000
8 -249.0000000000
18 -248.0000000000
29 -242.0000000000
31 -241.0000000000
37 -228.0000000000
100 -208.0000000000
12090 -396.0000000000
evaluations raw_y
1 -557.0000000000
2 -342.0000000000
20 -269.0000000000
61 -187.0000000000
12090 -483.0000000000
evaluations raw_y
1 -531.0000000000
2 -396.0000000000
4 -308.0000000000
10 -235.0000000000
29 -208.0000000000
5151 -511.0000000000
evaluations raw_y
1 -477.0000000000
2 -275.0000000000
24 -248.0000000000
806 -241.0000000000
820 -214.0000000000
1993 -201.0000000000
5151 -477.0000000000
evaluations raw_y
1 -195.0000000000
102 -182.0000000000
122 -168.0000000000
139 -148.0000000000
188 -128.0000000000
362 -115.0000000000
4184 -101.0000000000
5151 -195.0000000000
evaluations raw_y
1 -450.0000000000
2 -369.0000000000
5 -288.0000000000
22 -228.0000000000
39 -201.0000000000
5151 -450.0000000000
evaluations raw_y
1 -403.0000000000
6 -275.0000000000
45 -248.0000000000
5151 -403.0000000000
evaluations raw_y
1 -409.0000000000
4 -349.0000000000
5 -342.0000000000
12 -335.0000000000
13 -302.0000000000
16 -261.0000000000
20 -254.0000000000
27 -208.0000000000
37 -201.0000000000
56 -168.0000000000
2059 -167.0000000000
2144 -160.0000000000
3181 -154.0000000000
3187 -147.0000000000
3724 -107.0000000000
3783 -94.0000000000
4088 -87.0000000000
5058 -80.0000000000
5551 -161.0000000000
evaluations raw_y
1 -342.0000000000
7 -269.0000000000
40 -262.0000000000
41 -161.0000000000
1904 -154.0000000000
2197 -147.0000000000
2355 -141.0000000000
2714 -134.0000000000
3727 -114.0000000000
3733 -107.0000000000
3744 -94.0000000000
3806 -87.0000000000
3965 -67.0000000000
5551 -114.0000000000
evaluations raw_y
1 -477.0000000000
2 -457.0000000000
3 -262.0000000000
11 -208.0000000000
3726 -181.0000000000
3813 -174.0000000000
4549 -168.0000000000
4856 -154.0000000000
5070 -134.0000000000
5551 -248.0000000000
evaluations raw_y
1 -322.0000000000
6 -309.0000000000
21 -221.0000000000
43 -208.0000000000
1892 -201.0000000000
1896 -194.0000000000
1906 -187.0000000000
1907 -181.0000000000
1945 -174.0000000000
1977 -167.0000000000
1983 -161.0000000000
1988 -154.0000000000
2237 -127.0000000000
2262 -121.0000000000
3743 -114.0000000000
3758 -80.0000000000
4447 -74.0000000000
4858 -68.0000000000
5338 -61.0000000000
5551 -134.0000000000
evaluations raw_y
1 -416.0000000000
4 -369.0000000000
6 -322.0000000000
15 -281.0000000000
19 -228.0000000000
1914 -167.0000000000
2266 -147.0000000000
3724 -127.0000000000
3845 -107.0000000000
3864 -101.0000000000
4080 -94.0000000000
4099 -88.0000000000
4458 -87.0000000000
5551 -167.0000000000
evaluations raw_y
1 -517.0000000000
2 -477.0000000000
3 -423.0000000000
4 -315.0000000000
5 -255.0000000000
9 -228.0000000000
506 -221.0000000000
605 -208.0000000000
730 -161.0000000000
739 -155.0000000000
777 -154.0000000000
820 -134.0000000000
904 -128.0000000000
909 -114.0000000000
1085 -88.0000000000
1129 -81.0000000000
1235 -75.0000000000
1351 -68.0000000000
1436 -67.0000000000
1458 -61.0000000000
1482 -55.0000000000
1491 -54.0000000000
1500 -35.0000000000
1833 -27.0000000000
2124 -21.0000000000
2167 -8.0000000000
2176 -1.0000000000
2663 5.0000000000
5292 -74.0000000000
evaluations raw_y
1 -363.0000000000
2 -282.0000000000
17 -262.0000000000
23 -248.0000000000
79 -208.0000000000
388 -175.0000000000
411 -141.0000000000
487 -135.0000000000
730 -115.0000000000
741 -108.0000000000
759 -88.0000000000
1086 -87.0000000000
1094 -61.0000000000
1212 -54.0000000000
1280 -48.0000000000
1283 -35.0000000000
1453 -15.0000000000
1835 -14.0000000000
1947 -9.0000000000
2277 -3.0000000000
2423 3.0000000000
2513 4.0000000000
3245 5.0000000000
5292 -48.0000000000
evaluations raw_y
1 -409.0000000000
2 -281.0000000000
4 -275.0000000000
25 -255.0000000000
33 -234.0000000000
40 -208.0000000000
52 -201.0000000000
384 -181.0000000000
390 -154.0000000000
393 -108.0000000000
738 -94.0000000000
739 -82.0000000000
764 -75.0000000000
881 -68.0000000000
946 -61.0000000000
1014 -55.0000000000
1118 -35.0000000000
1271 -22.0000000000
1294 -21.0000000000
1434 -15.0000000000
1482 -14.0000000000
1610 -1.0000000000
2004 4.0000000000
2262 5.0000000000
3337 6.0000000000
5292 -55.0000000000
evaluations raw_y
1 -538.0000000000
2 -450.0000000000
3 -362.0000000000
6 -335.0000000000
24 -281.0000000000
391 -275.0000000000
407 -221.0000000000
499 -201.0000000000
730 -188.0000000000
732 -161.0000000000
763 -121.0000000000
1001 -114.0000000000
1090 -81.0000000000
1181 -75.0000000000
1200 -74.0000000000
1432 -54.0000000000
1631 -42.0000000000
1667 -28.0000000000
1790 -15.0000000000
1843 -9.0000000000
2055 -8.0000000000
2185 -2.0000000000
2287 -1.0000000000
2388 5.0000000000
5292 -62.0000000000
evaluations raw_y
1 -444.0000000000
2 -376.0000000000
3 -289.0000000000
11 -255.0000000000
381 -208.0000000000
409 -181.0000000000
537 -154.0000000000
735 -101.0000000000
766 -87.0000000000
824 -74.0000000000
1125 -67.0000000000
1130 -41.0000000000
1550 -35.0000000000
1620 -34.0000000000
1626 -15.0000000000
1840 -1.0000000000
1877 4.0000000000
2270 5.0000000000
2701 6.0000000000
5292 -14.0000000000
evaluations raw_y
1 -544.0000000000
3 -477.0000000000
5 -436.0000000000
6 -430.0000000000
9 -423.0000000000
14 -382.0000000000
15 -268.0000000000
2502 -261.0000000000
2510 -241.0000000000
2520 -147.0000000000
3729 -134.0000000000
3753 -127.0000000000
3800 -121.0000000000
3814 -114.0000000000
3820 -93.0000000000
4293 -67.0000000000
4961 -47.0000000000
4971 -41.0000000000
4978 -28.0000000000
6175 -81.0000000000
evaluations raw_y
1 -443.0000000000
2 -282.0000000000
1280 -261.0000000000
1291 -254.0000000000
1309 -234.0000000000
1682 -221.0000000000
2502 -214.0000000000
2514 -194.0000000000
2544 -187.0000000000
2568 -168.0000000000
2749 -127.0000000000
3037 -121.0000000000
3741 -115.0000000000
3744 -108.0000000000
3746 -101.0000000000
3819 -87.0000000000
3821 -74.0000000000
4251 -61.0000000000
4956 -55.0000000000
4977 -48.0000000000
5000 -41.0000000000
5077 -16.0000000000
6175 -61.0000000000
evaluations raw_y
1 -397.0000000000
2 -342.0000000000
3 -329.0000000000
11 -282.0000000000
35 -275.0000000000
1278 -263.0000000000
1283 -256.0000000000
1286 -216.0000000000
1619 -209.0000000000
1903 -202.0000000000
2113 -189.0000000000
2506 -142.0000000000
2602 -122.0000000000
2628 -115.0000000000
3726 -102.0000000000
3729 -75.0000000000
3755 -61.0000000000
4868 -55.0000000000
4968 -54.0000000000
4974 -48.0000000000
4981 -28.0000000000
5043 -22.0000000000
5409 -15.0000000000
5757 -8.0000000000
6175 -68.0000000000
evaluations raw_y
1 -295.0000000000
6 -262.0000000000
56 -261.0000000000
88 -247.0000000000
127 -241.0000000000
165 -221.0000000000
230 -215.0000000000
253 -214.0000000000
374 -201.0000000000
1279 -194.0000000000
1282 -161.0000000000
1312 -141.0000000000
1550 -134.0000000000
1563 -127.0000000000
1618 -107.0000000000
2503 -100.0000000000
2513 -81.0000000000
2633 -75.0000000000
2646 -74.0000000000
3086 -54.0000000000
3733 -27.0000000000
4970 -8.0000000000
5031 -4.0000000000
6175 -21.0000000000
evaluations raw_y
1 -429.0000000000
3 -363.0000000000
5 -322.0000000000
7 -122.0000000000
2862 -107.0000000000
3737 -87.0000000000
3743 -61.0000000000
3799 -40.0000000000
4978 -34.0000000000
5026 -27.0000000000
5033 -20.0000000000
5545 -15.0000000000
6174 -14.0000000000
6175 -107.0000000000
evaluations raw_y
1 -308.0000000000
5 -249.0000000000
25 -188.0000000000
19503 -308.0000000000
evaluations raw_y
1 -457.0000000000
2 -423.0000000000
3 -175.0000000000
19503 -457.0000000000
evaluations raw_y
1 -470.0000000000
2 -255.0000000000
12 -241.0000000000
14 -221.0000000000
113 -188.0000000000
132 -167.0000000000
138 -148.0000000000
19503 -470.0000000000
evaluations raw_y
1 -396.0000000000
3 -316.0000000000
4 -302.0000000000
11 -295.0000000000
35 -268.0000000000
59 -248.0000000000
65 -236.0000000000
76 -161.0000000000
19503 -423.0000000000
evaluations raw_y
1 -329.0000000000
4 -308.0000000000
10 -255.0000000000
38 -248.0000000000
41 -235.0000000000
80 -228.0000000000
19503 -329.0000000000
evaluations raw_y
1 -544.0000000000
2 -470.0000000000
3 -437.0000000000
5 -315.0000000000
8 -282.0000000000
15 -281.0000000000
38 -242.0000000000
8001 -517.0000000000
evaluations raw_y
1 -423.0000000000
2 -343.0000000000
5 -261.0000000000
12 -201.0000000000
28 -174.0000000000
8001 -416.0000000000
evaluations raw_y
1 -389.0000000000
5 -329.0000000000
13 -268.0000000000
18 -255.0000000000
73 -208.0000000000
8001 -416.0000000000
evaluations raw_y
1 -255.0000000000
8 -248.0000000000
31 -235.0000000000
39 -215.0000000000
135 -195.0000000000
268 -181.0000000000
662 -161.0000000000
2322 -87.0000000000
8001 -235.0000000000
evaluations raw_y
1 -463.0000000000
4 -443.0000000000
5 -241.0000000000
80 -181.0000000000
8001 -423.0000000000
evaluations raw_y
1 -356.0000000000
2 -289.0000000000
9 -268.0000000000
19 -248.0000000000
35 -241.0000000000
868 -208.0000000000
3820 -135.0000000000
4567 -115.0000000000
4648 -101.0000000000
4725 -95.0000000000
4982 -88.0000000000
5021 -75.0000000000
6732 -69.0000000000
7707 -68.0000000000
9025 -148.0000000000
evaluations raw_y
1 -342.0000000000
2 -329.0000000000
8 -268.0000000000
28 -255.0000000000
35 -240.0000000000
36 -228.0000000000
2524 -221.0000000000
4563 -188.0000000000
4590 -168.0000000000
4813 -154.0000000000
5511 -141.0000000000
8224 -127.0000000000
9025 -214.0000000000
evaluations raw_y
1 -376.0000000000
8 -308.0000000000
11 -302.0000000000
16 -295.0000000000
44 -288.0000000000
58 -168.0000000000
5237 -154.0000000000
8070 -147.0000000000
9025 -221.0000000000
evaluations raw_y
1 -315.0000000000
3 -275.0000000000
18 -248.0000000000
43 -222.0000000000
250 -214.0000000000
2000 -201.0000000000
4149 -194.0000000000
4561 -187.0000000000
4573 -174.0000000000
4577 -167.0000000000
4619 -160.0000000000
4679 -147.0000000000
4680 -140.0000000000
4768 -134.0000000000
5168 -127.0000000000
5585 -114.0000000000
9025 -221.0000000000
evaluations raw_y
1 -409.0000000000
2 -389.0000000000
3 -289.0000000000
14 -235.0000000000
4573 -228.0000000000
4592 -201.0000000000
4611 -194.0000000000
5508 -187.0000000000
5512 -174.0000000000
5596 -167.0000000000
9025 -235.0000000000
evaluations raw_y
1 -362.0000000000
2 -356.0000000000
3 -342.0000000000
12 -329.0000000000
15 -275.0000000000
18 -268.0000000000
30 -255.0000000000
68 -215.0000000000
142 -174.0000000000
13530 -362.0000000000
evaluations raw_y
1 -329.0000000000
5 -315.0000000000
16 -302.0000000000
28 -241.0000000000
31 -154.0000000000
13530 -356.0000000000
evaluations raw_y
1 -349.0000000000
4 -275.0000000000
12 -261.0000000000
67 -221.0000000000
1011 -208.0000000000
2670 -207.0000000000
3250 -201.0000000000
4636 -194.0000000000
13530 -463.0000000000
evaluations raw_y
1 -315.0000000000
5 -309.0000000000
12 -275.0000000000
27 -228.0000000000
29 -215.0000000000
91 -202.0000000000
93 -201.0000000000
186 -168.0000000000
13530 -382.0000000000
evaluations raw_y
1 -315.0000000000
16 -269.0000000000
28 -181.0000000000
10846 -167.0000000000
13530 -335.0000000000
evaluations raw_y
1 -349.0000000000
6 -288.0000000000
633 -262.0000000000
652 -255.0000000000
758 -248.0000000000
1237 -228.0000000000
1259 -221.0000000000
1473 -208.0000000000
1554 -194.0000000000
1830 -174.0000000000
1831 -167.0000000000
1860 -154.0000000000
1876 -147.0000000000
2420 -127.0000000000
2483 -107.0000000000
2508 -101.0000000000
3014 -81.0000000000
3104 -74.0000000000
3610 -61.0000000000
3637 -54.0000000000
4206 -41.0000000000
4418 -34.0000000000
4805 -27.0000000000
4886 -21.0000000000
4973 -15.0000000000
5390 -34.0000000000
evaluations raw_y
1 -275.0000000000
25 -268.0000000000
40 -248.0000000000
68 -235.0000000000
324 -228.0000000000
633 -208.0000000000
640 -201.0000000000
764 -181.0000000000
1243 -134.0000000000
1834 -120.0000000000
1846 -114.0000000000
1880 -101.0000000000
2420 -81.0000000000
2602 -74.0000000000
3021 -61.0000000000
3033 -54.0000000000
3622 -47.0000000000
3627 -34.0000000000
4247 -28.0000000000
4282 -14.0000000000
4338 -8.0000000000
4796 -2.0000000000
5375 4.0000000000
5390 -8.0000000000
evaluations raw_y
1 -309.0000000000
47 -262.0000000000
82 -235.0000000000
652 -215.0000000000
682 -208.0000000000
905 -168.0000000000
1230 -148.0000000000
1367 -141.0000000000
1820 -135.0000000000
1828 -115.0000000000
1842 -108.0000000000
1898 -95.0000000000
2434 -75.0000000000
2567 -68.0000000000
2681 -55.0000000000
3018 -36.0000000000
3039 -35.0000000000
3070 -29.0000000000
3607 -28.0000000000
3611 -16.0000000000
3903 -15.0000000000
4282 -2.0000000000
4862 4.0000000000
5390 -2.0000000000
evaluations raw_y
1 -376.0000000000
3 -369.0000000000
7 -261.0000000000
1229 -241.0000000000
1309 -235.0000000000
1507 -221.0000000000
1694 -214.0000000000
1846 -187.0000000000
1855 -140.0000000000
2423 -120.0000000000
2502 -93.0000000000
3038 -66.0000000000
3080 -60.0000000000
3248 -33.0000000000
3617 -27.0000000000
3625 -13.0000000000
3780 -7.0000000000
4204 -1.0000000000
4233 6.0000000000
5132 7.0000000000
5390 6.0000000000
evaluations raw_y
1 -302.0000000000
2 -208.0000000000
557 -181.0000000000
635 -161.0000000000
658 -154.0000000000
768 -134.0000000000
1230 -121.0000000000
1234 -107.0000000000
1387 -94.0000000000
1821 -74.0000000000
2341 -61.0000000000
2426 -41.0000000000
2555 -28.0000000000
3027 -22.0000000000
3119 -15.0000000000
3204 -14.0000000000
3545 -9.0000000000
3605 -8.0000000000
3674 -2.0000000000
4255 -1.0000000000
4347 4.0000000000
4803 5.0000000000
5390 4.0000000000
evaluations raw_y
1 -457.0000000000
2 -443.0000000000
5 -389.0000000000
7 -349.0000000000
14 -322.0000000000
17 -268.0000000000
33 -262.0000000000
40 -228.0000000000
85 -214.0000000000
6441 -450.0000000000
evaluations raw_y
1 -585.0000000000
2 -369.0000000000
6 -268.0000000000
63 -261.0000000000
87 -242.0000000000
3632 -241.0000000000
6441 -504.0000000000
evaluations raw_y
1 -350.0000000000
4 -328.0000000000
19 -281.0000000000
49 -221.0000000000
563 -215.0000000000
653 -195.0000000000
1057 -188.0000000000
6441 -390.0000000000
evaluations raw_y
1 -416.0000000000
4 -363.0000000000
11 -295.0000000000
15 -262.0000000000
36 -255.0000000000
62 -181.0000000000
6441 -416.0000000000
evaluations raw_y
1 -342.0000000000
5 -134.0000000000
6441 -362.0000000000
evaluations raw_y
1 -477.0000000000
2 -423.0000000000
3 -282.0000000000
904 -221.0000000000
951 -215.0000000000
977 -208.0000000000
1146 -201.0000000000
1494 -187.0000000000
1785 -180.0000000000
1786 -101.0000000000
2634 -87.0000000000
2652 -68.0000000000
2720 -67.0000000000
3069 -61.0000000000
3197 -48.0000000000
3502 -41.0000000000
3514 -34.0000000000
3650 -15.0000000000
4355 -14.0000000000
4416 -9.0000000000
4520 -8.0000000000
4576 -7.0000000000
4742 -2.0000000000
4903 -1.0000000000
5208 -101.0000000000
evaluations raw_y
1 -436.0000000000
3 -383.0000000000
4 -228.0000000000
12 -207.0000000000
36 -201.0000000000
912 -147.0000000000
1134 -141.0000000000
1776 -94.0000000000
1833 -54.0000000000
2390 -47.0000000000
2626 -34.0000000000
2628 -21.0000000000
3314 -14.0000000000
3620 -8.0000000000
3625 -1.0000000000
4329 4.0000000000
4455 5.0000000000
5208 -81.0000000000
evaluations raw_y
1 -557.0000000000
2 -281.0000000000
22 -214.0000000000
1775 -208.0000000000
1782 -134.0000000000
2638 -114.0000000000
2639 -107.0000000000
2684 -81.0000000000
3065 -80.0000000000
3527 -60.0000000000
3540 -34.0000000000
4474 -22.0000000000
4580 -21.0000000000
5208 -61.0000000000
evaluations raw_y
1 -470.0000000000
3 -450.0000000000
4 -423.0000000000
5 -362.0000000000
13 -188.0000000000
918 -167.0000000000
1043 -141.0000000000
1275 -133.0000000000
1765 -128.0000000000
1779 -113.0000000000
1797 -106.0000000000
1810 -93.0000000000
1977 -87.0000000000
2116 -80.0000000000
2651 -61.0000000000
2740 -54.0000000000
3249 -53.0000000000
3273 -41.0000000000
3497 -28.0000000000
4136 -22.0000000000
4161 -20.0000000000
4382 -8.0000000000
4746 -7.0000000000
5208 -174.0000000000
evaluations raw_y
1 -551.0000000000
2 -443.0000000000
3 -397.0000000000
4 -376.0000000000
6 -369.0000000000
7 -288.0000000000
9 -248.0000000000
930 -234.0000000000
952 -214.0000000000
1004 -201.0000000000
1064 -194.0000000000
1167 -187.0000000000
1770 -168.0000000000
1776 -120.0000000000
1935 -94.0000000000
2639 -88.0000000000
2665 -87.0000000000
2675 -74.0000000000
2716 -61.0000000000
2869 -55.0000000000
2874 -49.0000000000
3094 -48.0000000000
3529 -34.0000000000
3541 -28.0000000000
4110 -22.0000000000
4390 -21.0000000000
4426 -16.0000000000
4463 -15.0000000000
4512 -10.0000000000
4746 -9.0000000000
4909 4.0000000000
5208 -122.0000000000
evaluations raw_y
1 -342.0000000000
7 -329.0000000000
18 -302.0000000000
20 -255.0000000000
27 -221.0000000000
280 -214.0000000000
1513 -194.0000000000
6903 -329.0000000000
evaluations raw_y
1 -416.0000000000
2 -403.0000000000
3 -389.0000000000
4 -369.0000000000
5 -349.0000000000
7 -215.0000000000
3821 -201.0000000000
6903 -322.0000000000
evaluations raw_y
1 -335.0000000000
3 -201.0000000000
4574 -194.0000000000
4615 -181.0000000000
6903 -396.0000000000
evaluations raw_y
1 -416.0000000000
4 -356.0000000000
7 -343.0000000000
10 -248.0000000000
73 -188.0000000000
6903 -389.0000000000
evaluations raw_y
1 -423.0000000000
2 -416.0000000000
3 -409.0000000000
4 -363.0000000000
5 -322.0000000000
7 -269.0000000000
13 -241.0000000000
22 -235.0000000000
54 -221.0000000000
81 -194.0000000000
6903 -443.0000000000
evaluations raw_y
1 -416.0000000000
2 -322.0000000000
6 -262.0000000000
19 -261.0000000000
40 -241.0000000000
1349 -235.0000000000
3665 -234.0000000000
3667 -221.0000000000
3670 -215.0000000000
9180 -436.0000000000
evaluations raw_y
1 -349.0000000000
11 -335.0000000000
15 -188.0000000000
55 -181.0000000000
125 -174.0000000000
9180 -363.0000000000
evaluations raw_y
1 -423.0000000000
3 -383.0000000000
4 -281.0000000000
5 -268.0000000000
14 -261.0000000000
56 -161.0000000000
9180 -376.0000000000
evaluations raw_y
1 -443.0000000000
2 -430.0000000000
5 -289.0000000000
33 -262.0000000000
42 -261.0000000000
52 -234.0000000000
58 -215.0000000000
76 -188.0000000000
9180 -423.0000000000
evaluations raw_y
1 -396.0000000000
4 -309.0000000000
6 -261.0000000000
19 -235.0000000000
25 -228.0000000000
32 -161.0000000000
9180 -335.0000000000
evaluations raw_y
1 -403.0000000000
2 -383.0000000000
4 -335.0000000000
25 -261.0000000000
47 -241.0000000000
134 -221.0000000000
4510 -215.0000000000
15400 -423.0000000000
evaluations raw_y
1 -342.0000000000
12 -282.0000000000
22 -241.0000000000
60 -221.0000000000
500 -201.0000000000
686 -194.0000000000
4292 -174.0000000000
15400 -315.0000000000
evaluations raw_y
1 -302.0000000000
11 -187.0000000000
3088 -181.0000000000
5727 -175.0000000000
5741 -168.0000000000
15400 -322.0000000000
evaluations raw_y
1 -436.0000000000
2 -403.0000000000
3 -382.0000000000
8 -376.0000000000
9 -329.0000000000
28 -289.0000000000
47 -262.0000000000
77 -255.0000000000
103 -248.0000000000
155 -235.0000000000
15400 -436.0000000000
evaluations raw_y
1 -450.0000000000
2 -396.0000000000
3 -322.0000000000
6 -315.0000000000
11 -308.0000000000
16 -175.0000000000
156 -174.0000000000
15400 -423.0000000000
evaluations raw_y
1 -497.0000000000
3 -342.0000000000
7 -335.0000000000
17 -262.0000000000
18 -154.0000000000
7396 -349.0000000000
evaluations raw_y
1 -410.0000000000
4 -396.0000000000
5 -329.0000000000
24 -295.0000000000
29 -208.0000000000
4905 -194.0000000000
7396 -288.0000000000
evaluations raw_y
1 -504.0000000000
3 -383.0000000000
5 -195.0000000000
19 -187.0000000000
48 -175.0000000000
7396 -369.0000000000
evaluations raw_y
1 -470.0000000000
2 -403.0000000000
6 -322.0000000000
24 -282.0000000000
34 -275.0000000000
74 -248.0000000000
78 -234.0000000000
7396 -369.0000000000
evaluations raw_y
1 -598.0000000000
2 -248.0000000000
11 -235.0000000000
7396 -470.0000000000
evaluations raw_y
1 -477.0000000000
4 -369.0000000000
9 -362.0000000000
11 -316.0000000000
17 -295.0000000000
21 -268.0000000000
74 -195.0000000000
140 -161.0000000000
10731 -423.0000000000
evaluations raw_y
1 -329.0000000000
4 -295.0000000000
9 -189.0000000000
10731 -329.0000000000
evaluations raw_y
1 -531.0000000000
2 -416.0000000000
6 -329.0000000000
9 -282.0000000000
22 -249.0000000000
76 -241.0000000000
80 -228.0000000000
100 -135.0000000000
10731 -484.0000000000
evaluations raw_y
1 -437.0000000000
6 -396.0000000000
8 -328.0000000000
22 -308.0000000000
28 -268.0000000000
87 -222.0000000000
138 -201.0000000000
10731 -430.0000000000
evaluations raw_y
1 -289.0000000000
2 -269.0000000000
11 -241.0000000000
56 -208.0000000000
426 -188.0000000000
10731 -289.0000000000
evaluations raw_y
1 -403.0000000000
2 -296.0000000000
15 -262.0000000000
27 -254.0000000000
46 -194.0000000000
2572 -148.0000000000
2591 -134.0000000000
2687 -121.0000000000
3250 -108.0000000000
5041 -241.0000000000
evaluations raw_y
1 -342.0000000000
7 -322.0000000000
11 -255.0000000000
14 -222.0000000000
37 -181.0000000000
2572 -175.0000000000
2576 -155.0000000000
2601 -148.0000000000
2606 -115.0000000000
3144 -114.0000000000
3415 -108.0000000000
5041 -288.0000000000
evaluations raw_y
1 -544.0000000000
2 -490.0000000000
3 -262.0000000000
57 -220.0000000000
3311 -201.0000000000
5041 -416.0000000000
evaluations raw_y
1 -463.0000000000
2 -329.0000000000
7 -268.0000000000
15 -235.0000000000
37 -208.0000000000
2557 -188.0000000000
2664 -181.0000000000
2678 -154.0000000000
2722 -141.0000000000
3029 -140.0000000000
3885 -134.0000000000
5041 -241.0000000000
evaluations raw_y
1 -410.0000000000
4 -396.0000000000
5 -255.0000000000
67 -248.0000000000
1695 -235.0000000000
2566 -229.0000000000
2569 -195.0000000000
2583 -188.0000000000
2616 -181.0000000000
2629 -168.0000000000
2694 -161.0000000000
2793 -154.0000000000
2866 -147.0000000000
3484 -135.0000000000
3829 -121.0000000000
4663 -94.0000000000
5041 -208.0000000000
evaluations raw_y
1 -369.0000000000
4 -268.0000000000
5 -222.0000000000
207 -208.0000000000
252 -201.0000000000
256 -181.0000000000
316 -161.0000000000
331 -141.0000000000
332 -135.0000000000
343 -134.0000000000
352 -128.0000000000
408 -108.0000000000
445 -101.0000000000
483 -81.0000000000
507 -74.0000000000
550 -61.0000000000
584 -55.0000000000
593 -34.0000000000
650 -21.0000000000
756 6.0000000000
5005 5.0000000000
evaluations raw_y
1 -389.0000000000
10 -369.0000000000
13 -269.0000000000
139 -254.0000000000
176 -227.0000000000
212 -207.0000000000
251 -187.0000000000
258 -180.0000000000
307 -167.0000000000
328 -161.0000000000
334 -127.0000000000
398 -120.0000000000
423 -100.0000000000
447 -67.0000000000
488 -54.0000000000
516 -47.0000000000
562 -34.0000000000
565 -27.0000000000
658 -14.0000000000
752 -1.0000000000
890 5.0000000000
5005 5.0000000000
evaluations raw_y
1 -497.0000000000
2 -389.0000000000
4 -135.0000000000
405 -127.0000000000
442 -120.0000000000
488 -87.0000000000
562 -81.0000000000
586 -80.0000000000
599 -68.0000000000
621 -67.0000000000
651 -54.0000000000
656 -41.0000000000
717 -35.0000000000
744 -28.0000000000
834 -22.0000000000
845 -21.0000000000
889 -15.0000000000
913 -8.0000000000
969 -2.0000000000
1032 4.0000000000
1053 5.0000000000
1189 6.0000000000
1287 7.0000000000
5005 7.0000000000
evaluations raw_y
1 -409.0000000000
2 -229.0000000000
15 -209.0000000000
99 -189.0000000000
100 -182.0000000000
164 -155.0000000000
185 -148.0000000000
186 -135.0000000000
247 -128.0000000000
258 -108.0000000000
265 -102.0000000000
282 -101.0000000000
335 -74.0000000000
411 -54.0000000000
443 -42.0000000000
506 -41.0000000000
544 -23.0000000000
561 -9.0000000000
667 -8.0000000000
714 4.0000000000
715 5.0000000000
889 6.0000000000
5005 -61.0000000000
evaluations raw_y
1 -362.0000000000
2 -308.0000000000
5 -302.0000000000
8 -282.0000000000
11 -248.0000000000
102 -235.0000000000
108 -201.0000000000
175 -174.0000000000
182 -161.0000000000
250 -154.0000000000
253 -135.0000000000
256 -114.0000000000
328 -107.0000000000
355 -101.0000000000
361 -87.0000000000
362 -81.0000000000
405 -55.0000000000
491 -35.0000000000
561 -28.0000000000
599 -22.0000000000
639 -9.0000000000
716 -3.0000000000
774 3.0000000000
799 4.0000000000
846 5.0000000000
5005 -8.0000000000
evaluations raw_y
1 -403.0000000000
2 -329.0000000000
4 -282.0000000000
40 -255.0000000000
95 -228.0000000000
116 -194.0000000000
170 -187.0000000000
176 -167.0000000000
214 -147.0000000000
248 -114.0000000000
299 -107.0000000000
343 -87.0000000000
354 -74.0000000000
406 -61.0000000000
413 -55.0000000000
501 -54.0000000000
505 -48.0000000000
510 -42.0000000000
524 -41.0000000000
535 -23.0000000000
575 -21.0000000000
590 -16.0000000000
618 -15.0000000000
633 -10.0000000000
647 4.0000000000
756 5.0000000000
1316 6.0000000000
5005 -74.0000000000
evaluations raw_y
1 -510.0000000000
2 -430.0000000000
4 -295.0000000000
121 -288.0000000000
147 -248.0000000000
181 -241.0000000000
182 -228.0000000000
194 -208.0000000000
201 -161.0000000000
254 -148.0000000000
255 -147.0000000000
262 -141.0000000000
291 -128.0000000000
299 -114.0000000000
327 -94.0000000000
355 -74.0000000000
430 -55.0000000000
467 -42.0000000000
501 -28.0000000000
570 -15.0000000000
776 -9.0000000000
862 -3.0000000000
903 3.0000000000
960 4.0000000000
1075 5.0000000000
1113 6.0000000000
5005 -28.0000000000
evaluations raw_y
1 -598.0000000000
2 -255.0000000000
184 -241.0000000000
252 -234.0000000000
261 -228.0000000000
264 -214.0000000000
320 -207.0000000000
328 -154.0000000000
371 -147.0000000000
382 -140.0000000000
407 -134.0000000000
420 -127.0000000000
427 -120.0000000000
446 -107.0000000000
478 -101.0000000000
486 -95.0000000000
488 -55.0000000000
582 -35.0000000000
635 -28.0000000000
640 -22.0000000000
656 -15.0000000000
756 -9.0000000000
838 -2.0000000000
947 4.0000000000
1012 5.0000000000
1893 6.0000000000
5005 -67.0000000000
evaluations raw_y
1 -416.0000000000
4 -382.0000000000
5 -296.0000000000
38 -288.0000000000
96 -241.0000000000
111 -214.0000000000
170 -187.0000000000
172 -174.0000000000
176 -167.0000000000
192 -154.0000000000
194 -147.0000000000
250 -127.0000000000
251 -107.0000000000
309 -87.0000000000
334 -81.0000000000
344 -74.0000000000
376 -54.0000000000
405 -41.0000000000
410 -28.0000000000
568 -22.0000000000
571 -9.0000000000
672 -3.0000000000
700 4.0000000000
829 5.0000000000
920 6.0000000000
5005 -81.0000000000
evaluations raw_y
1 -416.0000000000
2 -397.0000000000
8 -389.0000000000
9 -295.0000000000
12 -274.0000000000
13 -235.0000000000
106 -221.0000000000
170 -201.0000000000
189 -181.0000000000
208 -168.0000000000
217 -121.0000000000
260 -94.0000000000
319 -61.0000000000
371 -42.0000000000
383 -41.0000000000
406 -35.0000000000
430 -28.0000000000
484 -27.0000000000
529 -22.0000000000
563 -16.0000000000
710 -10.0000000000
718 -9.0000000000
727 -3.0000000000
750 3.0000000000
784 4.0000000000
802 5.0000000000
1867 6.0000000000
5005 -21.0000000000
evaluations raw_y
1 -315.0000000000
4 -288.0000000000
8 -221.0000000000
98 -187.0000000000
131 -154.0000000000
176 -140.0000000000
210 -134.0000000000
214 -107.0000000000
227 -102.0000000000
255 -75.0000000000
312 -49.0000000000
337 -48.0000000000
348 -43.0000000000
352 -21.0000000000
417 -15.0000000000
420 -9.0000000000
493 3.0000000000
800 4.0000000000
905 5.0000000000
3410 6.0000000000
5005 -21.0000000000
evaluations raw_y
1 -369.0000000000
8 -215.0000000000
146 -194.0000000000
172 -140.0000000000
247 -120.0000000000
250 -100.0000000000
256 -94.0000000000
298 -74.0000000000
344 -49.0000000000
405 -42.0000000000
442 -23.0000000000
449 -22.0000000000
494 -15.0000000000
549 -7.0000000000
580 6.0000000000
5005 -41.0000000000
evaluations raw_y
1 -396.0000000000
2 -315.0000000000
3 -281.0000000000
18 -268.0000000000
93 -248.0000000000
107 -181.0000000000
173 -147.0000000000
191 -121.0000000000
211 -114.0000000000
250 -101.0000000000
267 -94.0000000000
303 -87.0000000000
327 -74.0000000000
357 -68.0000000000
358 -61.0000000000
431 -47.0000000000
452 -42.0000000000
493 -41.0000000000
506 3.0000000000
699 4.0000000000
770 5.0000000000
1368 6.0000000000
5005 -28.0000000000
evaluations raw_y
1 -369.0000000000
3 -228.0000000000
104 -221.0000000000
106 -181.0000000000
174 -168.0000000000
182 -167.0000000000
189 -134.0000000000
249 -101.0000000000
296 -75.0000000000
327 -61.0000000000
345 -41.0000000000
408 -35.0000000000
449 -28.0000000000
455 -15.0000000000
512 -8.0000000000
572 -2.0000000000
881 4.0000000000
1048 5.0000000000
1347 7.0000000000
5005 -48.0000000000
evaluations raw_y
1 -348.0000000000
13 -262.0000000000
26 -247.0000000000
39 -241.0000000000
96 -221.0000000000
102 -214.0000000000
104 -167.0000000000
117 -154.0000000000
170 -135.0000000000
187 -128.0000000000
192 -121.0000000000
195 -114.0000000000
240 -107.0000000000
255 -101.0000000000
260 -88.0000000000
324 -87.0000000000
378 -54.0000000000
494 -35.0000000000
568 -21.0000000000
664 -8.0000000000
822 -3.0000000000
851 -1.0000000000
1004 4.0000000000
1555 6.0000000000
5005 -121.0000000000
evaluations raw_y
1 -154.0000000000
14 -148.0000000000
26 -140.0000000000
31 -133.0000000000
41 -127.0000000000
51 -101.0000000000
123 -95.0000000000
149 -88.0000000000
174 -81.0000000000
185 -68.0000000000
206 -48.0000000000
249 -22.0000000000
416 -16.0000000000
500 -15.0000000000
585 -3.0000000000
717 -2.0000000000
817 -1.0000000000
986 4.0000000000
3263 5.0000000000
5005 -122.0000000000
evaluations raw_y
1 -410.0000000000
2 -228.0000000000
109 -201.0000000000
122 -175.0000000000
184 -162.0000000000
186 -161.0000000000
189 -135.0000000000
244 -94.0000000000
283 -82.0000000000
307 -74.0000000000
310 -15.0000000000
429 -3.0000000000
609 3.0000000000
711 4.0000000000
1295 5.0000000000
5005 -22.0000000000
evaluations raw_y
1 -268.0000000000
7 -228.0000000000
38 -222.0000000000
44 -201.0000000000
99 -194.0000000000
110 -175.0000000000
118 -147.0000000000
165 -121.0000000000
178 -114.0000000000
188 -101.0000000000
206 -88.0000000000
209 -74.0000000000
304 -48.0000000000
329 -34.0000000000
330 -22.0000000000
488 -21.0000000000
490 -8.0000000000
539 -2.0000000000
572 5.0000000000
5005 -3.0000000000
evaluations raw_y
1 -302.0000000000
17 -268.0000000000
24 -249.0000000000
49 -235.0000000000
93 -221.0000000000
97 -215.0000000000
102 -208.0000000000
104 -195.0000000000
118 -181.0000000000
172 -168.0000000000
173 -147.0000000000
217 -128.0000000000
259 -82.0000000000
265 -75.0000000000
364 -49.0000000000
397 -48.0000000000
410 -41.0000000000
443 -29.0000000000
504 -22.0000000000
566 -15.0000000000
746 -2.0000000000
854 4.0000000000
5005 -121.0000000000
evaluations raw_y
1 -457.0000000000
2 -416.0000000000
4 -329.0000000000
5 -201.0000000000
111 -188.0000000000
191 -181.0000000000
192 -154.0000000000
249 -120.0000000000
330 -87.0000000000
379 -80.0000000000
390 -74.0000000000
422 -67.0000000000
441 -60.0000000000
442 -41.0000000000
570 -35.0000000000
593 -28.0000000000
597 -21.0000000000
618 -20.0000000000
653 -8.0000000000
896 3.0000000000
938 4.0000000000
1072 5.0000000000
5005 -48.0000000000
evaluations raw_y
1 -376.0000000000
2 -316.0000000000
3 -268.0000000000
95 -242.0000000000
105 -215.0000000000
175 -195.0000000000
176 -188.0000000000
232 -168.0000000000
249 -155.0000000000
261 -148.0000000000
265 -135.0000000000
278 -134.0000000000
329 -128.0000000000
347 -127.0000000000
348 -121.0000000000
375 -114.0000000000
396 -108.0000000000
418 -88.0000000000
423 -61.0000000000
485 -48.0000000000
530 -28.0000000000
562 -3.0000000000
764 3.0000000000
795 5.0000000000
903 6.0000000000
5005 -14.0000000000
evaluations raw_y
1 -315.0000000000
16 -288.0000000000
31 -268.0000000000
35 -261.0000000000
41 -248.0000000000
93 -208.0000000000
127 -201.0000000000
128 -194.0000000000
171 -167.0000000000
207 -161.0000000000
222 -147.0000000000
238 -134.0000000000
249 -107.0000000000
273 -101.0000000000
298 -87.0000000000
345 -74.0000000000
369 -67.0000000000
407 -54.0000000000
446 -41.0000000000
486 -35.0000000000
531 -28.0000000000
563 -16.0000000000
647 -10.0000000000
651 -9.0000000000
653 -3.0000000000
727 -2.0000000000
787 3.0000000000
808 4.0000000000
880 5.0000000000
3860 6.0000000000
4659 7.0000000000
5005 -27.0000000000
evaluations raw_y
1 -369.0000000000
4 -315.0000000000
13 -295.0000000000
96 -234.0000000000
172 -228.0000000000
173 -214.0000000000
190 -180.0000000000
252 -153.0000000000
302 -147.0000000000
329 -127.0000000000
407 -94.0000000000
448 -87.0000000000
482 -47.0000000000
564 -34.0000000000
566 -27.0000000000
648 -14.0000000000
728 -8.0000000000
817 -2.0000000000
919 4.0000000000
976 5.0000000000
1167 6.0000000000
5005 -14.0000000000
evaluations raw_y
1 -349.0000000000
3 -255.0000000000
13 -194.0000000000
170 -188.0000000000
224 -168.0000000000
255 -148.0000000000
285 -108.0000000000
326 -88.0000000000
351 -81.0000000000
412 -75.0000000000
415 -55.0000000000
440 -42.0000000000
482 -22.0000000000
570 -17.0000000000
590 -16.0000000000
612 -9.0000000000
661 -2.0000000000
765 4.0000000000
842 5.0000000000
5005 -28.0000000000
evaluations raw_y
1 -524.0000000000
2 -450.0000000000
3 -382.0000000000
5 -349.0000000000
8 -309.0000000000
11 -302.0000000000
176 -288.0000000000
179 -254.0000000000
254 -207.0000000000
348 -194.0000000000
363 -187.0000000000
373 -147.0000000000
407 -127.0000000000
425 -107.0000000000
483 -88.0000000000
485 -67.0000000000
562 -47.0000000000
594 -40.0000000000
650 -34.0000000000
665 -27.0000000000
676 -14.0000000000
719 -8.0000000000
720 -1.0000000000
859 5.0000000000
1010 6.0000000000
5005 6.0000000000
evaluations raw_y
1 -275.0000000000
16 -215.0000000000
53 -201.0000000000
56 -188.0000000000
103 -181.0000000000
107 -168.0000000000
114 -161.0000000000
136 -101.0000000000
176 -74.0000000000
200 -42.0000000000
266 -36.0000000000
305 -30.0000000000
307 -29.0000000000
388 -15.0000000000
501 -9.0000000000
589 3.0000000000
768 5.0000000000
5005 -81.0000000000
evaluations raw_y
1 -323.0000000000
6 -302.0000000000
16 -276.0000000000
30 -256.0000000000
63 -242.0000000000
71 -229.0000000000
95 -196.0000000000
117 -155.0000000000
174 -122.0000000000
198 -121.0000000000
213 -115.0000000000
257 -88.0000000000
337 -61.0000000000
412 -55.0000000000
427 -54.0000000000
449 -41.0000000000
467 -34.0000000000
486 -21.0000000000
520 -14.0000000000
684 -1.0000000000
918 4.0000000000
2371 5.0000000000
5005 -55.0000000000
evaluations raw_y
1 -410.0000000000
4 -275.0000000000
7 -235.0000000000
21 -194.0000000000
96 -168.0000000000
107 -135.0000000000
189 -128.0000000000
211 -121.0000000000
224 -108.0000000000
247 -95.0000000000
255 -75.0000000000
293 -36.0000000000
378 -23.0000000000
431 -22.0000000000
460 -16.0000000000
608 -14.0000000000
656 -8.0000000000
894 -2.0000000000
1077 4.0000000000
1838 5.0000000000
5005 -88.0000000000
evaluations raw_y
1 -389.0000000000
2 -375.0000000000
3 -369.0000000000
4 -268.0000000000
98 -249.0000000000
101 -201.0000000000
171 -174.0000000000
172 -148.0000000000
239 -128.0000000000
253 -82.0000000000
317 -55.0000000000
338 -49.0000000000
349 -48.0000000000
400 -42.0000000000
428 -29.0000000000
486 -22.0000000000
694 -3.0000000000
716 -2.0000000000
814 -1.0000000000
1846 4.0000000000
4559 5.0000000000
5005 -94.0000000000
evaluations raw_y
1 -457.0000000000
2 -302.0000000000
6 -282.0000000000
10 -201.0000000000
119 -154.0000000000
149 -134.0000000000
197 -122.0000000000
203 -114.0000000000
218 -74.0000000000
272 -67.0000000000
305 -63.0000000000
339 -62.0000000000
340 -50.0000000000
367 -36.0000000000
413 -10.0000000000
506 4.0000000000
2875 5.0000000000
2936 6.0000000000
5005 -41.0000000000
evaluations raw_y
1 -416.0000000000
4 -389.0000000000
5 -376.0000000000
6 -349.0000000000
27 -328.0000000000
61 -322.0000000000
98 -187.0000000000
175 -180.0000000000
179 -168.0000000000
180 -160.0000000000
203 -147.0000000000
208 -127.0000000000
248 -107.0000000000
277 -101.0000000000
292 -94.0000000000
327 -67.0000000000
407 -61.0000000000
451 -41.0000000000
521 -28.0000000000
533 -16.0000000000
690 -15.0000000000
696 -8.0000000000
1008 -3.0000000000
1062 3.0000000000
1140 4.0000000000
1174 5.0000000000
2655 6.0000000000
5005 -75.0000000000
evaluations raw_y
1 -396.0000000000
2 -288.0000000000
4 -262.0000000000
5 -222.0000000000
52 -221.0000000000
102 -167.0000000000
120 -135.0000000000
175 -108.0000000000
191 -95.0000000000
241 -89.0000000000
263 -75.0000000000
302 -55.0000000000
329 -35.0000000000
458 -29.0000000000
575 -16.0000000000
608 -8.0000000000
665 -3.0000000000
751 -2.0000000000
1143 4.0000000000
1393 5.0000000000
5005 -67.0000000000
evaluations raw_y
1 -382.0000000000
2 -275.0000000000
11 -261.0000000000
73 -221.0000000000
98 -207.0000000000
103 -194.0000000000
130 -174.0000000000
153 -154.0000000000
175 -121.0000000000
202 -114.0000000000
282 -101.0000000000
329 -94.0000000000
334 -82.0000000000
367 -48.0000000000
415 -41.0000000000
514 -22.0000000000
592 -15.0000000000
612 -2.0000000000
971 4.0000000000
1087 5.0000000000
5005 -55.0000000000
evaluations raw_y
1 -396.0000000000
2 -329.0000000000
3 -268.0000000000
13 -262.0000000000
39 -242.0000000000
86 -201.0000000000
92 -167.0000000000
93 -161.0000000000
157 -154.0000000000
180 -141.0000000000
185 -127.0000000000
220 -121.0000000000
258 -114.0000000000
259 -101.0000000000
326 -88.0000000000
345 -74.0000000000
374 -41.0000000000
413 -21.0000000000
576 -15.0000000000
660 -8.0000000000
708 -2.0000000000
854 5.0000000000
2190 6.0000000000
5005 -61.0000000000
evaluations raw_y
1 -510.0000000000
4 -369.0000000000
5 -349.0000000000
7 -309.0000000000
9 -302.0000000000
99 -281.0000000000
107 -261.0000000000
174 -248.0000000000
176 -215.0000000000
219 -214.0000000000
245 -187.0000000000
250 -161.0000000000
271 -147.0000000000
362 -87.0000000000
434 -55.0000000000
484 -41.0000000000
577 -28.0000000000
594 -16.0000000000
702 -10.0000000000
754 -3.0000000000
799 -2.0000000000
1638 2.0000000000
1643 4.0000000000
3296 5.0000000000
5005 -108.0000000000
evaluations raw_y
1 -437.0000000000
3 -376.0000000000
6 -255.0000000000
12 -222.0000000000
93 -181.0000000000
176 -174.0000000000
196 -168.0000000000
220 -154.0000000000
228 -115.0000000000
247 -48.0000000000
326 -28.0000000000
349 -16.0000000000
408 -15.0000000000
809 -9.0000000000
914 -8.0000000000
963 5.0000000000
3027 6.0000000000
5005 -74.0000000000
evaluations raw_y
1 -450.0000000000
3 -423.0000000000
6 -229.0000000000
94 -228.0000000000
104 -195.0000000000
120 -188.0000000000
170 -154.0000000000
197 -107.0000000000
259 -87.0000000000
347 -75.0000000000
366 -67.0000000000
410 -55.0000000000
481 -43.0000000000
485 -36.0000000000
495 -29.0000000000
563 -15.0000000000
667 -9.0000000000
849 -1.0000000000
903 4.0000000000
1754 5.0000000000
3747 6.0000000000
5005 -128.0000000000
evaluations raw_y
1 -329.0000000000
7 -322.0000000000
9 -194.0000000000
93 -181.0000000000
105 -161.0000000000
138 -127.0000000000
171 -107.0000000000
184 -100.0000000000
201 -94.0000000000
253 -88.0000000000
277 -81.0000000000
346 -43.0000000000
418 -30.0000000000
519 -15.0000000000
691 -9.0000000000
821 -2.0000000000
2126 4.0000000000
2335 5.0000000000
5005 -114.0000000000
evaluations raw_y
1 -316.0000000000
14 -302.0000000000
18 -289.0000000000
25 -256.0000000000
94 -249.0000000000
98 -236.0000000000
104 -182.0000000000
123 -128.0000000000
208 -68.0000000000
249 -61.0000000000
270 -42.0000000000
279 -35.0000000000
359 -22.0000000000
455 -14.0000000000
945 -9.0000000000
994 -8.0000000000
1020 -3.0000000000
1430 4.0000000000
2034 5.0000000000
5005 -17.0000000000
evaluations raw_y
1 -329.0000000000
12 -322.0000000000
13 -262.0000000000
20 -242.0000000000
22 -181.0000000000
100 -174.0000000000
115 -155.0000000000
139 -101.0000000000
182 -80.0000000000
193 -41.0000000000
270 -21.0000000000
305 -9.0000000000
531 3.0000000000
572 5.0000000000
5005 -121.0000000000
evaluations raw_y
1 -437.0000000000
2 -396.0000000000
3 -248.0000000000
93 -222.0000000000
105 -221.0000000000
120 -215.0000000000
137 -195.0000000000
139 -168.0000000000
179 -161.0000000000
181 -148.0000000000
214 -134.0000000000
234 -107.0000000000
288 -87.0000000000
332 -81.0000000000
334 -68.0000000000
409 -55.0000000000
455 -54.0000000000
500 -35.0000000000
567 -16.0000000000
679 -8.0000000000
769 -2.0000000000
1197 4.0000000000
1693 5.0000000000
5005 -10.0000000000
evaluations raw_y
1 -470.0000000000
2 -295.0000000000
80 -268.0000000000
98 -248.0000000000
105 -241.0000000000
113 -208.0000000000
137 -201.0000000000
184 -147.0000000000
236 -140.0000000000
245 -134.0000000000
249 -127.0000000000
250 -121.0000000000
272 -107.0000000000
275 -101.0000000000
280 -81.0000000000
330 -48.0000000000
410 -41.0000000000
479 -29.0000000000
493 -22.0000000000
568 -21.0000000000
660 -8.0000000000
778 5.0000000000
5005 -74.0000000000
evaluations raw_y
1 -262.0000000000
19 -235.0000000000
38 -209.0000000000
41 -195.0000000000
94 -161.0000000000
120 -128.0000000000
142 -115.0000000000
170 -108.0000000000
177 -102.0000000000
194 -88.0000000000
206 -62.0000000000
266 -48.0000000000
357 -22.0000000000
414 -16.0000000000
422 -9.0000000000
506 -3.0000000000
705 3.0000000000
976 4.0000000000
1347 5.0000000000
5005 -61.0000000000
evaluations raw_y
1 -342.0000000000
12 -255.0000000000
43 -248.0000000000
69 -221.0000000000
98 -155.0000000000
107 -108.0000000000
175 -81.0000000000
241 -68.0000000000
270 -61.0000000000
312 -55.0000000000
347 -48.0000000000
397 -42.0000000000
404 -35.0000000000
426 -9.0000000000
546 -2.0000000000
564 -1.0000000000
1642 4.0000000000
4890 5.0000000000
5005 -47.0000000000
evaluations raw_y
1 -308.0000000000
2 -302.0000000000
3 -181.0000000000
99 -174.0000000000
137 -167.0000000000
171 -147.0000000000
179 -135.0000000000
216 -87.0000000000
224 -67.0000000000
269 -61.0000000000
299 -48.0000000000
436 -42.0000000000
454 -29.0000000000
482 -21.0000000000
492 -15.0000000000
784 -8.0000000000
804 -1.0000000000
2207 3.0000000000
2541 4.0000000000
4319 5.0000000000
5005 -23.0000000000
evaluations raw_y
1 -261.0000000000
21 -248.0000000000
23 -141.0000000000
94 -134.0000000000
97 -127.0000000000
113 -114.0000000000
171 -81.0000000000
181 -74.0000000000
357 -68.0000000000
385 -61.0000000000
388 -55.0000000000
426 -42.0000000000
581 -35.0000000000
687 -29.0000000000
690 -9.0000000000
900 4.0000000000
5005 -142.0000000000
evaluations raw_y
1 -322.0000000000
3 -315.0000000000
12 -248.0000000000
75 -221.0000000000
97 -214.0000000000
98 -188.0000000000
108 -154.0000000000
191 -134.0000000000
201 -107.0000000000
232 -101.0000000000
260 -67.0000000000
331 -61.0000000000
405 -54.0000000000
496 -41.0000000000
614 -34.0000000000
644 -15.0000000000
842 -1.0000000000
1395 4.0000000000
3596 5.0000000000
5005 -55.0000000000
evaluations raw_y
1 -335.0000000000
13 -329.0000000000
14 -268.0000000000
17 -248.0000000000
21 -234.0000000000
34 -194.0000000000
101 -181.0000000000
106 -174.0000000000
131 -127.0000000000
174 -74.0000000000
253 -61.0000000000
329 -41.0000000000
406 -27.0000000000
460 -22.0000000000
497 -21.0000000000
511 -15.0000000000
812 3.0000000000
1026 4.0000000000
5005 -54.0000000000
evaluations raw_y
1 -517.0000000000
2 -288.0000000000
15 -255.0000000000
23 -241.0000000000
84 -215.0000000000
95 -209.0000000000
104 -208.0000000000
106 -195.0000000000
111 -182.0000000000
125 -141.0000000000
175 -134.0000000000
184 -114.0000000000
189 -108.0000000000
271 -68.0000000000
386 -48.0000000000
398 -41.0000000000
408 -27.0000000000
583 -21.0000000000
604 -14.0000000000
1119 -8.0000000000
1346 -3.0000000000
1486 2.0000000000
1531 3.0000000000
1540 4.0000000000
1852 5.0000000000
2352 6.0000000000
5005 -101.0000000000
evaluations raw_y
1 -362.0000000000
2 -328.0000000000
6 -242.0000000000
108 -215.0000000000
118 -208.0000000000
182 -168.0000000000
228 -161.0000000000
253 -101.0000000000
327 -95.0000000000
333 -82.0000000000
335 -81.0000000000
353 -75.0000000000
404 -42.0000000000
500 -41.0000000000
520 -36.0000000000
548 -29.0000000000
580 -16.0000000000
630 -15.0000000000
648 -3.0000000000
744 -1.0000000000
896 6.0000000000
5005 -88.0000000000
evaluations raw_y
1 -201.0000000000
15 -161.0000000000
72 -160.0000000000
106 -140.0000000000
127 -134.0000000000
136 -107.0000000000
218 -94.0000000000
250 -87.0000000000
256 -48.0000000000
329 -35.0000000000
423 -16.0000000000
556 -10.0000000000
744 -9.0000000000
980 -3.0000000000
1289 4.0000000000
3295 5.0000000000
5005 -61.0000000000
evaluations raw_y
1 -288.0000000000
7 -242.0000000000
15 -241.0000000000
32 -214.0000000000
78 -168.0000000000
96 -154.0000000000
99 -141.0000000000
121 -121.0000000000
201 -94.0000000000
272 -88.0000000000
335 -81.0000000000
357 -61.0000000000
427 -48.0000000000
502 -28.0000000000
699 3.0000000000
871 4.0000000000
1200 5.0000000000
5005 -35.0000000000
evaluations raw_y
1 -605.0000000000
2 -578.0000000000
3 -369.0000000000
134 -362.0000000000
147 -355.0000000000
170 -315.0000000000
172 -295.0000000000
180 -281.0000000000
193 -214.0000000000
248 -201.0000000000
250 -187.0000000000
299 -181.0000000000
314 -174.0000000000
331 -154.0000000000
418 -134.0000000000
440 -120.0000000000
509 -107.0000000000
606 -87.0000000000
616 -81.0000000000
639 -54.0000000000
695 -47.0000000000
779 -40.0000000000
807 -28.0000000000
828 -27.0000000000
1057 -22.0000000000
1075 -8.0000000000
1124 -2.0000000000
1338 5.0000000000
3282 6.0000000000
5005 -28.0000000000
evaluations raw_y
1 -490.0000000000
2 -457.0000000000
3 -450.0000000000
4 -382.0000000000
5 -322.0000000000
11 -214.0000000000
185 -201.0000000000
194 -175.0000000000
240 -134.0000000000
250 -121.0000000000
282 -87.0000000000
290 -74.0000000000
351 -55.0000000000
402 -47.0000000000
436 -28.0000000000
501 -16.0000000000
592 -3.0000000000
820 4.0000000000
4087 5.0000000000
5005 -69.0000000000
evaluations raw_y
1 -497.0000000000
2 -382.0000000000
4 -376.0000000000
7 -362.0000000000
9 -275.0000000000
114 -248.0000000000
142 -241.0000000000
149 -234.0000000000
170 -214.0000000000
172 -181.0000000000
199 -167.0000000000
231 -154.0000000000
248 -114.0000000000
296 -101.0000000000
314 -61.0000000000
335 -41.0000000000
434 -40.0000000000
658 -34.0000000000
664 -29.0000000000
731 -28.0000000000
767 -10.0000000000
1453 -3.0000000000
1625 -2.0000000000
2004 4.0000000000
2125 5.0000000000
3470 6.0000000000
5005 4.0000000000
evaluations raw_y
1 -430.0000000000
2 -409.0000000000
3 -390.0000000000
18 -329.0000000000
81 -322.0000000000
84 -295.0000000000
93 -268.0000000000
96 -248.0000000000
134 -208.0000000000
139 -201.0000000000
172 -195.0000000000
176 -174.0000000000
185 -168.0000000000
225 -142.0000000000
261 -102.0000000000
264 -101.0000000000
280 -83.0000000000
330 -76.0000000000
338 -62.0000000000
406 -34.0000000000
469 -30.0000000000
483 -17.0000000000
513 -9.0000000000
648 -3.0000000000
1100 4.0000000000
2103 5.0000000000
2340 6.0000000000
5005 -49.0000000000
evaluations raw_y
1 -369.0000000000
2 -295.0000000000
15 -221.0000000000
94 -174.0000000000
96 -107.0000000000
197 -101.0000000000
198 -94.0000000000
216 -48.0000000000
253 -16.0000000000
331 -3.0000000000
426 -2.0000000000
478 3.0000000000
740 4.0000000000
798 5.0000000000
5005 -101.0000000000
evaluations raw_y
1 -551.0000000000
2 -363.0000000000
7 -309.0000000000
28 -276.0000000000
96 -262.0000000000
104 -242.0000000000
115 -202.0000000000
192 -175.0000000000
203 -135.0000000000
254 -114.0000000000
261 -101.0000000000
359 -74.0000000000
433 -61.0000000000
493 -54.0000000000
497 -35.0000000000
564 -28.0000000000
584 -22.0000000000
668 -15.0000000000
791 -9.0000000000
817 -2.0000000000
932 -1.0000000000
2099 3.0000000000
2170 4.0000000000
2463 5.0000000000
5005 3.0000000000
evaluations raw_y
1 -517.0000000000
3 -470.0000000000
4 -295.0000000000
103 -227.0000000000
172 -207.0000000000
179 -194.0000000000
181 -160.0000000000
264 -147.0000000000
273 -121.0000000000
277 -101.0000000000
326 -94.0000000000
370 -74.0000000000
401 -68.0000000000
440 -62.0000000000
515 -28.0000000000
569 -21.0000000000
612 -2.0000000000
871 5.0000000000
5005 -41.0000000000
evaluations raw_y
1 -349.0000000000
14 -335.0000000000
16 -329.0000000000
18 -296.0000000000
24 -194.0000000000
92 -161.0000000000
94 -147.0000000000
97 -127.0000000000
170 -107.0000000000
225 -75.0000000000
276 -61.0000000000
291 -56.0000000000
294 -49.0000000000
339 -42.0000000000
387 -41.0000000000
388 -35.0000000000
491 -28.0000000000
529 -21.0000000000
567 -20.0000000000
621 -16.0000000000
640 -10.0000000000
663 -3.0000000000
1162 -2.0000000000
1750 -1.0000000000
1838 5.0000000000
4108 6.0000000000
5005 -41.0000000000
evaluations raw_y
1 -262.0000000000
17 -174.0000000000
92 -107.0000000000
187 -100.0000000000
195 -81.0000000000
214 -74.0000000000
268 -41.0000000000
326 -35.0000000000
404 -16.0000000000
664 -15.0000000000
677 -2.0000000000
752 5.0000000000
5005 -28.0000000000
evaluations raw_y
1 -450.0000000000
2 -329.0000000000
4 -316.0000000000
10 -268.0000000000
14 -241.0000000000
95 -234.0000000000
97 -222.0000000000
99 -181.0000000000
103 -174.0000000000
142 -161.0000000000
170 -141.0000000000
175 -94.0000000000
200 -81.0000000000
275 -55.0000000000
311 -41.0000000000
336 -28.0000000000
487 -22.0000000000
569 -9.0000000000
1024 2.0000000000
1071 3.0000000000
1075 4.0000000000
1251 5.0000000000
5005 -128.0000000000
evaluations raw_y
1 -470.0000000000
2 -443.0000000000
4 -309.0000000000
93 -262.0000000000
96 -222.0000000000
163 -215.0000000000
171 -208.0000000000
179 -167.0000000000
197 -134.0000000000
252 -127.0000000000
254 -81.0000000000
340 -74.0000000000
414 -67.0000000000
415 -54.0000000000
453 -42.0000000000
472 -21.0000000000
576 4.0000000000
1262 5.0000000000
1707 6.0000000000
5005 -15.0000000000
evaluations raw_y
1 -477.0000000000
2 -429.0000000000
3 -349.0000000000
5 -329.0000000000
22 -322.0000000000
38 -315.0000000000
93 -295.0000000000
116 -288.0000000000
121 -268.0000000000
170 -255.0000000000
173 -235.0000000000
181 -234.0000000000
196 -221.0000000000
233 -201.0000000000
252 -174.0000000000
270 -168.0000000000
286 -161.0000000000
300 -134.0000000000
333 -114.0000000000
382 -108.0000000000
407 -68.0000000000
550 -61.0000000000
565 -47.0000000000
573 -35.0000000000
683 -16.0000000000
752 -9.0000000000
775 -8.0000000000
777 -3.0000000000
930 3.0000000000
1038 4.0000000000
1501 5.0000000000
5005 -55.0000000000
evaluations raw_y
1 -544.0000000000
2 -477.0000000000
3 -457.0000000000
4 -382.0000000000
9 -282.0000000000
11 -261.0000000000
180 -255.0000000000
181 -182.0000000000
241 -154.0000000000
252 -148.0000000000
254 -141.0000000000
267 -134.0000000000
270 -115.0000000000
329 -108.0000000000
349 -81.0000000000
351 -75.0000000000
384 -61.0000000000
427 -48.0000000000
445 -35.0000000000
478 -28.0000000000
486 -22.0000000000
510 -21.0000000000
586 -14.0000000000
764 -8.0000000000
880 -3.0000000000
1061 -2.0000000000
1134 5.0000000000
5005 -102.0000000000
evaluations raw_y
1 -288.0000000000
12 -188.0000000000
93 -174.0000000000
119 -155.0000000000
156 -134.0000000000
179 -107.0000000000
259 -100.0000000000
284 -94.0000000000
307 -87.0000000000
327 -69.0000000000
367 -41.0000000000
415 -15.0000000000
487 -7.0000000000
868 -1.0000000000
1013 0.0000000000
2546 5.0000000000
5005 -41.0000000000
evaluations raw_y
1 -605.0000000000
2 -322.0000000000
3 -235.0000000000
10 -221.0000000000
252 -194.0000000000
269 -161.0000000000
294 -154.0000000000
310 -134.0000000000
334 -108.0000000000
369 -100.0000000000
387 -94.0000000000
415 -74.0000000000
441 -68.0000000000
487 -61.0000000000
501 -41.0000000000
505 -35.0000000000
595 -15.0000000000
679 -8.0000000000
949 -4.0000000000
988 -3.0000000000
1239 -1.0000000000
1262 5.0000000000
5005 -81.0000000000
evaluations raw_y
1 -403.0000000000
2 -369.0000000000
16 -349.0000000000
22 -336.0000000000
35 -322.0000000000
53 -289.0000000000
92 -262.0000000000
96 -242.0000000000
102 -168.0000000000
177 -161.0000000000
181 -148.0000000000
196 -114.0000000000
241 -101.0000000000
268 -82.0000000000
294 -74.0000000000
304 -41.0000000000
333 -34.0000000000
335 -21.0000000000
433 -8.0000000000
609 -3.0000000000
670 2.0000000000
773 4.0000000000
1443 5.0000000000
2632 6.0000000000
5005 -21.0000000000
evaluations raw_y
1 -315.0000000000
5 -288.0000000000
17 -281.0000000000
18 -268.0000000000
26 -221.0000000000
63 -194.0000000000
90 -181.0000000000
100 -174.0000000000
108 -168.0000000000
130 -134.0000000000
167 -121.0000000000
178 -101.0000000000
192 -74.0000000000
210 -61.0000000000
292 -54.0000000000
312 -41.0000000000
329 -35.0000000000
352 -21.0000000000
465 -15.0000000000
687 -9.0000000000
899 1.0000000000
936 2.0000000000
964 3.0000000000
985 4.0000000000
1717 5.0000000000
5005 -82.0000000000
evaluations raw_y
1 -423.0000000000
2 -309.0000000000
12 -255.0000000000
92 -201.0000000000
171 -187.0000000000
176 -181.0000000000
178 -154.0000000000
182 -134.0000000000
252 -100.0000000000
292 -93.0000000000
306 -67.0000000000
379 -48.0000000000
508 -36.0000000000
563 -15.0000000000
600 -10.0000000000
649 -3.0000000000
1022 -2.0000000000
1137 4.0000000000
1200 5.0000000000
1321 6.0000000000
5005 -47.0000000000
evaluations raw_y
1 -490.0000000000
2 -395.0000000000
6 -370.0000000000
34 -356.0000000000
57 -288.0000000000
94 -281.0000000000
95 -248.0000000000
111 -214.0000000000
175 -141.0000000000
249 -128.0000000000
262 -88.0000000000
342 -62.0000000000
385 -28.0000000000
419 -24.0000000000
466 -22.0000000000
467 -21.0000000000
593 -9.0000000000
654 -8.0000000000
685 -2.0000000000
851 4.0000000000
1119 5.0000000000
5005 -41.0000000000
evaluations raw_y
1 -396.0000000000
4 -235.0000000000
13 -222.0000000000
102 -208.0000000000
166 -161.0000000000
171 -154.0000000000
172 -141.0000000000
181 -128.0000000000
202 -108.0000000000
254 -88.0000000000
262 -81.0000000000
297 -68.0000000000
349 -55.0000000000
405 -41.0000000000
480 -40.0000000000
526 -34.0000000000
582 -27.0000000000
600 -22.0000000000
694 -21.0000000000
712 -16.0000000000
722 -9.0000000000
785 -3.0000000000
1004 4.0000000000
1210 5.0000000000
5005 -74.0000000000
evaluations raw_y
1 -437.0000000000
3 -335.0000000000
7 -302.0000000000
9 -208.0000000000
174 -175.0000000000
177 -168.0000000000
254 -114.0000000000
278 -108.0000000000
319 -101.0000000000
331 -54.0000000000
425 -47.0000000000
477 -22.0000000000
630 -16.0000000000
778 -10.0000000000
849 4.0000000000
1139 5.0000000000
4154 6.0000000000
5005 -35.0000000000
evaluations raw_y
1 -497.0000000000
2 -416.0000000000
3 -356.0000000000
5 -303.0000000000
9 -268.0000000000
169 -262.0000000000
172 -214.0000000000
179 -201.0000000000
249 -182.0000000000
263 -181.0000000000
274 -174.0000000000
277 -134.0000000000
312 -115.0000000000
327 -108.0000000000
337 -95.0000000000
343 -88.0000000000
345 -75.0000000000
431 -49.0000000000
509 -48.0000000000
510 -42.0000000000
525 -35.0000000000
630 -22.0000000000
669 -9.0000000000
737 -2.0000000000
839 4.0000000000
1505 5.0000000000
2080 6.0000000000
5005 -47.0000000000
evaluations raw_y
1 -456.0000000000
2 -342.0000000000
6 -322.0000000000
10 -308.0000000000
45 -295.0000000000
93 -281.0000000000
99 -268.0000000000
103 -261.0000000000
107 -235.0000000000
122 -228.0000000000
139 -214.0000000000
154 -207.0000000000
170 -133.0000000000
248 -127.0000000000
258 -120.0000000000
268 -106.0000000000
334 -93.0000000000
356 -87.0000000000
362 -86.0000000000
405 -74.0000000000
406 -73.0000000000
420 -60.0000000000
450 -53.0000000000
488 -27.0000000000
952 -23.0000000000
953 -21.0000000000
966 -16.0000000000
1131 -9.0000000000
1153 -3.0000000000
1255 -2.0000000000
1647 4.0000000000
4836 5.0000000000
5005 -88.0000000000
evaluations raw_y
1 -349.0000000000
3 -281.0000000000
9 -261.0000000000
13 -168.0000000000
178 -148.0000000000
186 -128.0000000000
248 -114.0000000000
268 -88.0000000000
309 -81.0000000000
343 -61.0000000000
407 -47.0000000000
508 -34.0000000000
697 -21.0000000000
1011 -15.0000000000
1051 -9.0000000000
1085 -3.0000000000
1163 -2.0000000000
1174 3.0000000000
1196 4.0000000000
1379 5.0000000000
5005 -42.0000000000
evaluations raw_y
1 -571.0000000000
2 -389.0000000000
3 -289.0000000000
13 -288.0000000000
176 -268.0000000000
193 -248.0000000000
223 -235.0000000000
249 -168.0000000000
288 -167.0000000000
290 -141.0000000000
330 -134.0000000000
335 -87.0000000000
429 -68.0000000000
476 -55.0000000000
531 -22.0000000000
616 -16.0000000000
630 -7.0000000000
690 -2.0000000000
828 4.0000000000
5005 -55.0000000000
evaluations raw_y
1 -369.0000000000
2 -356.0000000000
7 -329.0000000000
28 -261.0000000000
86 -228.0000000000
96 -221.0000000000
99 -181.0000000000
117 -167.0000000000
186 -140.0000000000
205 -134.0000000000
230 -127.0000000000
237 -94.0000000000
257 -81.0000000000
311 -75.0000000000
331 -69.0000000000
341 -68.0000000000
347 -62.0000000000
351 -48.0000000000
468 -23.0000000000
568 -21.0000000000
797 -15.0000000000
843 -9.0000000000
948 -2.0000000000
1047 -1.0000000000
1063 5.0000000000
5005 -101.0000000000
evaluations raw_y
1 -382.0000000000
2 -369.0000000000
6 -295.0000000000
33 -288.0000000000
38 -281.0000000000
50 -248.0000000000
96 -234.0000000000
102 -221.0000000000
133 -209.0000000000
137 -201.0000000000
157 -181.0000000000
181 -161.0000000000
192 -154.0000000000
194 -147.0000000000
210 -141.0000000000
258 -108.0000000000
329 -81.0000000000
420 -69.0000000000
422 -67.0000000000
506 -61.0000000000
537 -60.0000000000
549 -54.0000000000
693 -53.0000000000
716 -27.0000000000
775 -26.0000000000
842 -20.0000000000
1000 -15.0000000000
1094 3.0000000000
1170 4.0000000000
2358 5.0000000000
5005 -108.0000000000
evaluations raw_y
1 -424.0000000000
3 -416.0000000000
5 -362.0000000000
6 -262.0000000000
75 -235.0000000000
93 -221.0000000000
97 -202.0000000000
103 -154.0000000000
180 -134.0000000000
184 -121.0000000000
201 -87.0000000000
257 -74.0000000000
295 -60.0000000000
330 -41.0000000000
359 -34.0000000000
434 -28.0000000000
484 -27.0000000000
566 -22.0000000000
568 -14.0000000000
828 -7.0000000000
1344 3.0000000000
1631 4.0000000000
1939 5.0000000000
4067 6.0000000000
5005 -74.0000000000
evaluations raw_y
1 -402.0000000000
4 -369.0000000000
5 -349.0000000000
6 -342.0000000000
7 -322.0000000000
11 -255.0000000000
92 -254.0000000000
110 -241.0000000000
123 -234.0000000000
125 -167.0000000000
178 -154.0000000000
194 -114.0000000000
198 -101.0000000000
249 -68.0000000000
268 -61.0000000000
326 -54.0000000000
409 -34.0000000000
495 -21.0000000000
549 -15.0000000000
679 -9.0000000000
864 -8.0000000000
1104 -2.0000000000
1156 3.0000000000
1275 4.0000000000
3068 5.0000000000
5005 -28.0000000000
evaluations raw_y
1 -692.0000000000
2 -302.0000000000
4 -228.0000000000
100 -195.0000000000
174 -141.0000000000
250 -134.0000000000
270 -108.0000000000
280 -87.0000000000
339 -54.0000000000
426 -42.0000000000
512 -21.0000000000
562 -15.0000000000
974 -9.0000000000
1033 -8.0000000000
1369 -3.0000000000
1394 -2.0000000000
1445 3.0000000000
1663 4.0000000000
2287 5.0000000000
2828 6.0000000000
5005 -20.0000000000
evaluations raw_y
1 -430.0000000000
2 -396.0000000000
5 -383.0000000000
8 -315.0000000000
96 -268.0000000000
137 -242.0000000000
161 -221.0000000000
171 -207.0000000000
182 -188.0000000000
204 -134.0000000000
252 -127.0000000000
275 -121.0000000000
281 -88.0000000000
329 -81.0000000000
343 -75.0000000000
360 -68.0000000000
411 -62.0000000000
443 -49.0000000000
505 -30.0000000000
631 -11.0000000000
649 -10.0000000000
871 -9.0000000000
889 4.0000000000
1086 5.0000000000
4253 6.0000000000
5005 -55.0000000000
evaluations raw_y
1 -369.0000000000
3 -296.0000000000
6 -282.0000000000
11 -275.0000000000
19 -274.0000000000
57 -255.0000000000
59 -201.0000000000
110 -174.0000000000
120 -161.0000000000
145 -141.0000000000
171 -121.0000000000
231 -74.0000000000
249 -61.0000000000
278 -60.0000000000
349 -54.0000000000
357 -14.0000000000
646 -8.0000000000
851 -2.0000000000
1348 -1.0000000000
1405 3.0000000000
1716 4.0000000000
3038 5.0000000000
5005 -81.0000000000
evaluations raw_y
1 -430.0000000000
2 -396.0000000000
7 -315.0000000000
12 -295.0000000000
89 -268.0000000000
96 -215.0000000000
159 -181.0000000000
160 -155.0000000000
171 -95.0000000000
256 -94.0000000000
257 -68.0000000000
286 -54.0000000000
317 -35.0000000000
348 -28.0000000000
456 -9.0000000000
743 -8.0000000000
795 -2.0000000000
1256 3.0000000000
1672 4.0000000000
1697 5.0000000000
5005 -81.0000000000
evaluations raw_y
1 -417.0000000000
2 -410.0000000000
4 -302.0000000000
97 -270.0000000000
103 -249.0000000000
124 -242.0000000000
146 -209.0000000000
164 -155.0000000000
171 -114.0000000000
190 -108.0000000000
197 -101.0000000000
253 -95.0000000000
256 -81.0000000000
335 -61.0000000000
344 -60.0000000000
476 -41.0000000000
529 -35.0000000000
569 -29.0000000000
688 -16.0000000000
738 -8.0000000000
1180 2.0000000000
1193 5.0000000000
5005 -75.0000000000
evaluations raw_y
1 -309.0000000000
14 -282.0000000000
27 -262.0000000000
37 -228.0000000000
42 -215.0000000000
76 -194.0000000000
95 -187.0000000000
96 -167.0000000000
106 -141.0000000000
176 -134.0000000000
181 -128.0000000000
217 -121.0000000000
266 -114.0000000000
273 -108.0000000000
277 -94.0000000000
327 -88.0000000000
333 -74.0000000000
368 -62.0000000000
417 -56.0000000000
446 -49.0000000000
466 -48.0000000000
476 -29.0000000000
483 -15.0000000000
592 -9.0000000000
873 3.0000000000
1401 4.0000000000
1957 5.0000000000
5005 -82.0000000000
evaluations raw_y
1 -322.0000000000
15 -268.0000000000
24 -235.0000000000
93 -161.0000000000
175 -147.0000000000
181 -127.0000000000
198 -121.0000000000
256 -114.0000000000
271 -101.0000000000
310 -81.0000000000
331 -68.0000000000
377 -62.0000000000
409 -55.0000000000
424 -28.0000000000
513 -15.0000000000
525 -10.0000000000
684 -9.0000000000
776 -3.0000000000
794 4.0000000000
2284 5.0000000000
5005 -29.0000000000
evaluations raw_y
1 -322.0000000000
5 -302.0000000000
11 -228.0000000000
99 -174.0000000000
128 -161.0000000000
180 -101.0000000000
251 -74.0000000000
269 -67.0000000000
403 -61.0000000000
410 -28.0000000000
499 -15.0000000000
558 -9.0000000000
584 -8.0000000000
739 -2.0000000000
879 4.0000000000
3352 5.0000000000
4435 6.0000000000
5005 -108.0000000000
evaluations raw_y
1 -598.0000000000
2 -389.0000000000
3 -336.0000000000
95 -295.0000000000
120 -261.0000000000
170 -214.0000000000
201 -207.0000000000
221 -160.0000000000
250 -101.0000000000
326 -34.0000000000
446 -21.0000000000
482 -15.0000000000
637 5.0000000000
5005 -35.0000000000
evaluations raw_y
1 -221.0000000000
15 -201.0000000000
19 -181.0000000000
20 -107.0000000000
102 -94.0000000000
104 -82.0000000000
191 -81.0000000000
233 -62.0000000000
256 -55.0000000000
325 -16.0000000000
356 -15.0000000000
576 -10.0000000000
647 2.0000000000
730 3.0000000000
826 4.0000000000
1380 6.0000000000
5005 -101.0000000000
evaluations raw_y
1 -376.0000000000
3 -282.0000000000
34 -275.0000000000
40 -268.0000000000
84 -234.0000000000
93 -154.0000000000
193 -127.0000000000
210 -94.0000000000
259 -41.0000000000
340 -34.0000000000
479 -15.0000000000
505 -9.0000000000
560 -1.0000000000
603 4.0000000000
1978 6.0000000000
5005 -55.0000000000
evaluations raw_y
1 -517.0000000000
2 -450.0000000000
4 -201.0000000000
6 -174.0000000000
205 -168.0000000000
249 -148.0000000000
252 -141.0000000000
300 -88.0000000000
368 -68.0000000000
425 -61.0000000000
446 -48.0000000000
454 -35.0000000000
511 -34.0000000000
516 -27.0000000000
522 -9.0000000000
569 -2.0000000000
741 4.0000000000
1564 5.0000000000
5005 -49.0000000000
evaluations raw_y
1 -578.0000000000
3 -490.0000000000
4 -450.0000000000
5 -376.0000000000
7 -295.0000000000
10 -268.0000000000
173 -261.0000000000
179 -208.0000000000
215 -154.0000000000
249 -141.0000000000
250 -114.0000000000
295 -113.0000000000
384 -94.0000000000
406 -87.0000000000
426 -74.0000000000
441 -62.0000000000
482 -49.0000000000
568 -47.0000000000
580 -42.0000000000
600 -28.0000000000
716 -27.0000000000
725 -22.0000000000
798 -10.0000000000
874 -9.0000000000
889 -4.0000000000
947 -2.0000000000
959 4.0000000000
1284 5.0000000000
5005 -128.0000000000
evaluations raw_y
1 -517.0000000000
3 -349.0000000000
4 -309.0000000000
6 -288.0000000000
172 -275.0000000000
187 -268.0000000000
192 -195.0000000000
254 -161.0000000000
260 -148.0000000000
280 -94.0000000000
363 -74.0000000000
364 -61.0000000000
374 -34.0000000000
487 -28.0000000000
501 -14.0000000000
573 -8.0000000000
680 -2.0000000000
744 -1.0000000000
1183 3.0000000000
1239 4.0000000000
1311 5.0000000000
1350 6.0000000000
5005 -41.0000000000
evaluations raw_y
1 -436.0000000000
5 -403.0000000000
6 -376.0000000000
7 -308.0000000000
112 -295.0000000000
114 -268.0000000000
115 -261.0000000000
179 -207.0000000000
188 -181.0000000000
267 -121.0000000000
329 -89.0000000000
388 -75.0000000000
410 -74.0000000000
414 -55.0000000000
458 -41.0000000000
510 -27.0000000000
700 -22.0000000000
767 -16.0000000000
780 -10.0000000000
870 -3.0000000000
1200 -2.0000000000
1344 4.0000000000
4828 5.0000000000
5005 -3.0000000000
evaluations raw_y
1 -436.0000000000
3 -356.0000000000
5 -281.0000000000
92 -275.0000000000
94 -268.0000000000
105 -255.0000000000
106 -248.0000000000
136 -242.0000000000
139 -228.0000000000
142 -208.0000000000
172 -201.0000000000
176 -174.0000000000
183 -147.0000000000
264 -127.0000000000
299 -121.0000000000
342 -100.0000000000
344 -81.0000000000
414 -74.0000000000
415 -67.0000000000
421 -54.0000000000
486 -47.0000000000
580 -27.0000000000
665 -15.0000000000
740 -9.0000000000
1104 -7.0000000000
1161 -2.0000000000
1438 3.0000000000
1590 5.0000000000
1771 6.0000000000
5005 -48.0000000000
evaluations raw_y
1 -416.0000000000
4 -289.0000000000
92 -282.0000000000
99 -194.0000000000
173 -181.0000000000
182 -174.0000000000
196 -168.0000000000
206 -160.0000000000
229 -154.0000000000
251 -114.0000000000
284 -81.0000000000
355 -80.0000000000
359 -67.0000000000
393 -61.0000000000
428 -60.0000000000
434 -48.0000000000
478 -41.0000000000
544 -35.0000000000
596 -22.0000000000
706 -21.0000000000
780 -9.0000000000
816 -3.0000000000
1154 3.0000000000
1214 4.0000000000
2455 5.0000000000
5005 -142.0000000000
evaluations raw_y
1 -403.0000000000
5 -322.0000000000
6 -315.0000000000
17 -241.0000000000
98 -201.0000000000
113 -187.0000000000
124 -175.0000000000
144 -154.0000000000
171 -134.0000000000
183 -121.0000000000
184 -114.0000000000
286 -101.0000000000
289 -95.0000000000
292 -88.0000000000
298 -87.0000000000
324 -81.0000000000
362 -67.0000000000
410 -40.0000000000
517 -34.0000000000
548 -21.0000000000
593 -9.0000000000
778 -8.0000000000
868 -2.0000000000
944 4.0000000000
2922 5.0000000000
5005 -95.0000000000
evaluations raw_y
1 -302.0000000000
20 -282.0000000000
27 -269.0000000000
29 -262.0000000000
34 -228.0000000000
96 -181.0000000000
108 -162.0000000000
110 -115.0000000000
179 -101.0000000000
180 -88.0000000000
193 -81.0000000000
200 -68.0000000000
279 -55.0000000000
300 -35.0000000000
316 -34.0000000000
346 -21.0000000000
530 -15.0000000000
737 -14.0000000000
838 -9.0000000000
883 -8.0000000000
1301 5.0000000000
5005 -74.0000000000
