evaluations raw_y
1 -342.0000000000
6 -329.0000000000
7 -316.0000000000
11 -315.0000000000
118 -288.0000000000
146 -248.0000000000
155 -214.0000000000
215 -201.0000000000
290 -181.0000000000
311 -154.0000000000
356 -134.0000000000
368 -127.0000000000
410 -120.0000000000
433 -107.0000000000
485 -101.0000000000
541 -88.0000000000
560 -68.0000000000
641 -48.0000000000
748 -41.0000000000
766 -36.0000000000
776 -16.0000000000
860 -15.0000000000
5005 -416.0000000000
evaluations raw_y
1 -335.0000000000
5 -289.0000000000
20 -268.0000000000
91 -201.0000000000
101 -161.0000000000
143 -154.0000000000
221 -134.0000000000
281 -127.0000000000
305 -94.0000000000
343 -81.0000000000
401 -48.0000000000
433 -42.0000000000
491 -35.0000000000
541 -22.0000000000
581 -8.0000000000
665 -2.0000000000
695 3.0000000000
740 4.0000000000
5005 -409.0000000000
evaluations raw_y
1 -356.0000000000
5 -302.0000000000
8 -235.0000000000
245 -228.0000000000
298 -208.0000000000
311 -181.0000000000
401 -161.0000000000
455 -148.0000000000
485 -128.0000000000
500 -95.0000000000
748 -35.0000000000
793 -34.0000000000
820 -15.0000000000
946 -14.0000000000
1001 -1.0000000000
1076 4.0000000000
5005 -363.0000000000
evaluations raw_y
1 -564.0000000000
2 -403.0000000000
3 -349.0000000000
8 -302.0000000000
703 -295.0000000000
748 -268.0000000000
766 -215.0000000000
776 -188.0000000000
821 -181.0000000000
901 -120.0000000000
5005 -409.0000000000
evaluations raw_y
1 -369.0000000000
8 -355.0000000000
10 -295.0000000000
208 -288.0000000000
266 -221.0000000000
290 -154.0000000000
335 -134.0000000000
416 -114.0000000000
496 -88.0000000000
523 -75.0000000000
581 -55.0000000000
671 -35.0000000000
866 -22.0000000000
5005 -443.0000000000
evaluations raw_y
1 -538.0000000000
2 -289.0000000000
10 -268.0000000000
785 -248.0000000000
865 -228.0000000000
920 -221.0000000000
946 -201.0000000000
980 -187.0000000000
986 -154.0000000000
1001 -134.0000000000
1160 -121.0000000000
1198 -114.0000000000
1216 -95.0000000000
1243 -69.0000000000
1310 -56.0000000000
1441 -35.0000000000
1460 -29.0000000000
1565 -16.0000000000
5005 -336.0000000000
evaluations raw_y
1 -430.0000000000
2 -396.0000000000
3 -369.0000000000
7 -342.0000000000
311 -329.0000000000
335 -309.0000000000
356 -282.0000000000
413 -262.0000000000
470 -235.0000000000
515 -215.0000000000
560 -175.0000000000
626 -148.0000000000
680 -134.0000000000
725 -114.0000000000
731 -107.0000000000
748 -94.0000000000
890 -67.0000000000
935 -47.0000000000
965 -34.0000000000
1001 -28.0000000000
1126 -15.0000000000
5005 -396.0000000000
evaluations raw_y
1 -383.0000000000
2 -269.0000000000
4 -241.0000000000
2090 -228.0000000000
2143 -221.0000000000
2171 -201.0000000000
2213 -194.0000000000
2251 -167.0000000000
2270 -140.0000000000
2306 -134.0000000000
2330 -107.0000000000
2375 -87.0000000000
2465 -54.0000000000
2510 -34.0000000000
2651 -21.0000000000
5005 -402.0000000000
evaluations raw_y
1 -477.0000000000
3 -369.0000000000
4 -349.0000000000
5 -249.0000000000
811 -242.0000000000
851 -235.0000000000
866 -215.0000000000
883 -175.0000000000
911 -135.0000000000
986 -108.0000000000
1025 -100.0000000000
1088 -80.0000000000
1115 -54.0000000000
1448 -34.0000000000
1531 -21.0000000000
5005 -315.0000000000
evaluations raw_y
1 -498.0000000000
2 -483.0000000000
3 -423.0000000000
4 -396.0000000000
9 -356.0000000000
883 -335.0000000000
920 -308.0000000000
973 -281.0000000000
991 -268.0000000000
1055 -201.0000000000
1100 -188.0000000000
1135 -181.0000000000
1178 -161.0000000000
1216 -134.0000000000
1256 -121.0000000000
1270 -114.0000000000
1313 -94.0000000000
1333 -87.0000000000
1355 -74.0000000000
1391 -68.0000000000
1406 -42.0000000000
1481 -29.0000000000
1541 -16.0000000000
5005 -375.0000000000
evaluations raw_y
1 -403.0000000000
2 -248.0000000000
8 -154.0000000000
5005 -504.0000000000
evaluations raw_y
1 -571.0000000000
2 -430.0000000000
3 -423.0000000000
4 -355.0000000000
9 -268.0000000000
4421 -242.0000000000
4466 -195.0000000000
4555 -188.0000000000
4618 -175.0000000000
4645 -168.0000000000
4663 -148.0000000000
4708 -121.0000000000
4778 -114.0000000000
4835 -101.0000000000
4843 -94.0000000000
4850 -88.0000000000
5005 -148.0000000000
evaluations raw_y
1 -416.0000000000
2 -315.0000000000
3 -289.0000000000
806 -282.0000000000
830 -255.0000000000
875 -201.0000000000
911 -174.0000000000
956 -160.0000000000
991 -154.0000000000
1010 -141.0000000000
1036 -114.0000000000
1178 -101.0000000000
1198 -88.0000000000
1270 -75.0000000000
1450 -55.0000000000
5005 -450.0000000000
evaluations raw_y
1 -497.0000000000
2 -261.0000000000
4085 -235.0000000000
4145 -188.0000000000
4205 -141.0000000000
4366 -128.0000000000
4370 -114.0000000000
4385 -101.0000000000
4445 -81.0000000000
4580 -74.0000000000
4636 -34.0000000000
4775 -21.0000000000
4790 -14.0000000000
4856 -8.0000000000
5005 -69.0000000000
evaluations raw_y
1 -410.0000000000
4 -215.0000000000
5005 -349.0000000000
evaluations raw_y
1 -504.0000000000
2 -450.0000000000
5 -295.0000000000
6 -255.0000000000
856 -254.0000000000
890 -187.0000000000
965 -174.0000000000
991 -127.0000000000
1045 -114.0000000000
1081 -67.0000000000
1091 -54.0000000000
1136 -47.0000000000
1171 -41.0000000000
1211 -35.0000000000
1385 -9.0000000000
5005 -423.0000000000
evaluations raw_y
1 -390.0000000000
2 -369.0000000000
8 -362.0000000000
20 -343.0000000000
35 -329.0000000000
56 -302.0000000000
170 -275.0000000000
191 -255.0000000000
200 -235.0000000000
226 -208.0000000000
281 -155.0000000000
371 -135.0000000000
478 -115.0000000000
595 -95.0000000000
5005 -349.0000000000
evaluations raw_y
1 -328.0000000000
8 -322.0000000000
50 -301.0000000000
65 -281.0000000000
101 -268.0000000000
145 -261.0000000000
226 -241.0000000000
253 -228.0000000000
343 -221.0000000000
350 -201.0000000000
388 -174.0000000000
433 -127.0000000000
485 -94.0000000000
545 -67.0000000000
641 -47.0000000000
5005 -362.0000000000
evaluations raw_y
1 -369.0000000000
3 -328.0000000000
6 -262.0000000000
4361 -261.0000000000
4406 -241.0000000000
4430 -221.0000000000
4550 -201.0000000000
4610 -174.0000000000
4670 -167.0000000000
4726 -100.0000000000
4736 -66.0000000000
4798 -46.0000000000
4835 -40.0000000000
5005 -161.0000000000
evaluations raw_y
1 -261.0000000000
11 -241.0000000000
91 -221.0000000000
146 -201.0000000000
188 -194.0000000000
208 -174.0000000000
316 -167.0000000000
368 -147.0000000000
530 -134.0000000000
560 -127.0000000000
586 -114.0000000000
631 -94.0000000000
650 -88.0000000000
676 -81.0000000000
695 -67.0000000000
740 -61.0000000000
755 -54.0000000000
770 -48.0000000000
776 -35.0000000000
860 -22.0000000000
875 -16.0000000000
935 -15.0000000000
955 -10.0000000000
973 -9.0000000000
1115 4.0000000000
5005 -368.0000000000
