evaluations raw_y
1 1.3007284079
11 1.3340448239
15 1.7531556802
32 2.1367521368
1618 2.2281639929
2492 2.2603978300
3575 2.4366471735
8014 2.4752475248
16836 0.6760411033
evaluations raw_y
1 1.3340448239
2 1.6087516088
79 1.7730496454
114 1.8142235123
123 1.9747235387
142 2.3629489603
170 2.5150905433
16836 1.3691128149
evaluations raw_y
1 0.9238728751
2 1.9747235387
41 2.2935779817
16836 0.9462528388
evaluations raw_y
1 1.1150758252
2 1.4060742407
9 1.4863258026
11 1.5006002401
27 1.7146776406
58 1.9500780031
72 2.4366471735
89 2.7352297593
16836 1.2007684918
evaluations raw_y
1 0.7229612493
2 1.0841283608
3 1.5762925599
12 1.9747235387
57 2.0525451560
159 2.4752475248
16836 0.8722958828
evaluations raw_y
1 0.7926442613
3 1.2195121951
4 1.2588116818
5 1.3572204126
6 1.6600265604
162 1.6960651289
174 1.7146776406
181 1.7730496454
199 2.1367521368
226 2.3277467412
252 2.5150905433
401 2.8344671202
409 2.9976019185
452 3.3156498674
687 3.6231884058
958 3.7091988131
5005 3.7091988131
evaluations raw_y
1 0.9462528388
2 1.0620220901
3 1.2195121951
4 1.4450867052
107 1.4723203769
157 1.6778523490
189 2.0000000000
275 2.3629489603
351 2.8868360277
405 3.3875338753
505 3.6231884058
5005 1.6778523490
evaluations raw_y
1 1.0339123242
2 1.0620220901
4 1.3691128149
6 1.4318442153
7 1.9025875190
108 1.9747235387
180 2.1663778163
185 2.2281639929
252 2.8868360277
457 3.0562347188
531 3.1806615776
613 3.2467532468
821 3.5410764873
869 3.6231884058
946 3.8940809969
4639 4.7169811321
5005 4.7169811321
evaluations raw_y
1 1.6960651289
27 1.7337031900
31 1.9747235387
51 2.1663778163
91 2.1968365554
145 2.8344671202
171 2.9976019185
544 3.1806615776
5005 1.7146776406
evaluations raw_y
1 1.4450867052
20 1.5006002401
22 1.8573551263
138 2.2281639929
164 2.2935779817
175 2.3277467412
188 2.3992322457
233 2.7352297593
286 2.7839643653
389 3.0562347188
757 3.1806615776
5005 3.1806615776
evaluations raw_y
1 0.7365939894
2 1.0477787091
3 1.3340448239
7 1.3691128149
11 1.4060742407
14 1.4723203769
23 1.6960651289
61 2.0798668885
296 2.2603978300
12090 0.7365939894
evaluations raw_y
1 1.0407993339
3 1.2388503469
5 1.3812154696
16 1.8355359765
39 1.9260400616
76 2.1367521368
3665 2.1663778163
3739 2.3992322457
3869 2.4366471735
12090 0.9520182788
evaluations raw_y
1 0.6480041472
2 0.9238728751
3 1.5151515152
7 1.9500780031
1453 2.1079258010
7249 2.2935779817
12090 0.8218277449
evaluations raw_y
1 0.6172839506
3 0.9819324430
4 1.3572204126
17 1.4863258026
35 1.6778523490
37 1.7531556802
57 1.8142235123
67 1.9260400616
81 2.3277467412
12090 0.4747436384
evaluations raw_y
1 1.5605493134
9 2.1367521368
176 2.2281639929
187 2.2603978300
700 2.3277467412
1903 2.4366471735
3358 2.5150905433
3902 2.5987525988
12090 1.7531556802
evaluations raw_y
1 1.5006002401
20 1.5151515152
32 1.5762925599
36 1.7730496454
74 1.9260400616
147 1.9500780031
189 2.0525451560
202 2.1663778163
1822 2.2935779817
1851 2.5562372188
5151 1.2388503469
evaluations raw_y
1 1.5151515152
9 1.8573551263
87 2.2935779817
95 2.5562372188
5151 1.2388503469
evaluations raw_y
1 1.3935340022
2 2.8868360277
916 2.9976019185
935 3.0562347188
954 3.2467532468
5151 1.3455328310
evaluations raw_y
1 1.1916110582
2 1.2899896801
3 1.4188422247
8 1.5006002401
10 1.5451174289
26 1.6960651289
73 1.8573551263
87 2.0525451560
436 2.1079258010
905 2.1968365554
1190 2.4366471735
1234 2.5562372188
3939 2.5987525988
5151 1.3227513228
evaluations raw_y
1 1.2388503469
2 1.3116474292
5 1.4450867052
15 1.6778523490
25 1.9500780031
55 1.9747235387
95 2.0000000000
433 2.2935779817
5151 1.2388503469
evaluations raw_y
1 0.4210171775
2 0.7196315486
3 1.3007284079
8 1.6425755585
12 1.7337031900
26 1.7531556802
53 1.9260400616
57 1.9500780031
1902 2.4366471735
1972 2.5150905433
2684 2.7839643653
3731 2.8344671202
3880 3.1172069825
3903 3.1806615776
5551 1.7730496454
evaluations raw_y
1 1.1649580615
2 1.2899896801
3 1.3227513228
8 1.4585764294
28 1.5299877601
47 1.5762925599
63 1.8573551263
103 2.0525451560
188 2.0798668885
436 2.2603978300
460 2.3992322457
1941 2.5150905433
2090 2.5987525988
2612 2.6427061311
2635 2.6881720430
3865 2.9976019185
4156 3.1172069825
5255 3.4626038781
5551 2.4752475248
evaluations raw_y
1 1.2487512488
3 2.1079258010
51 2.5150905433
1919 2.7352297593
1933 2.9411764706
2727 2.9976019185
2788 3.0562347188
2938 3.3156498674
4357 3.3875338753
5551 3.3156498674
evaluations raw_y
1 0.8973438622
2 1.2899896801
3 1.4863258026
12 1.8355359765
22 2.7352297593
1893 2.9976019185
3911 3.3875338753
4267 3.5410764873
4342 3.7091988131
5551 2.1367521368
evaluations raw_y
1 1.6778523490
5 2.5562372188
1912 2.7352297593
1927 3.3156498674
2269 3.3875338753
2695 3.4626038781
3793 3.5410764873
5551 1.8142235123
evaluations raw_y
1 1.0620220901
2 1.4060742407
24 1.5762925599
32 1.6254876463
63 1.9025875190
148 2.6427061311
450 2.7839643653
895 3.9936102236
5292 0.8579272478
evaluations raw_y
1 0.7926442613
2 1.2690355330
11 1.3572204126
20 1.7730496454
112 1.8796992481
113 1.9260400616
283 2.2935779817
501 2.4366471735
549 2.8868360277
790 3.1172069825
844 3.2467532468
2693 3.6231884058
3128 3.7091988131
5292 1.3812154696
evaluations raw_y
1 1.0993843448
3 1.1312217195
4 1.3691128149
10 1.6087516088
45 1.6425755585
57 1.8142235123
143 2.1367521368
380 2.5562372188
773 2.8868360277
776 3.1806615776
1355 3.2467532468
1488 3.8940809969
2638 4.0983606557
3078 4.2087542088
5292 1.5451174289
evaluations raw_y
1 1.1312217195
2 1.1916110582
9 1.2588116818
14 1.6778523490
37 1.9025875190
250 1.9500780031
386 2.0259319287
432 2.0525451560
441 2.1663778163
455 2.2603978300
558 2.3277467412
775 2.5987525988
780 2.7352297593
1081 3.0562347188
1483 3.1172069825
1510 3.2467532468
1770 3.5410764873
1857 3.7091988131
2241 3.8940809969
5292 2.5150905433
evaluations raw_y
1 1.1916110582
2 1.2388503469
3 1.2899896801
6 1.7531556802
9 2.0525451560
205 2.1663778163
342 2.3629489603
478 2.5987525988
558 2.9411764706
1208 3.1172069825
1856 3.7091988131
3321 3.7993920973
4058 3.9936102236
4655 4.3252595156
5292 1.6425755585
evaluations raw_y
1 1.0548523207
7 1.1825922422
12 1.3455328310
27 1.4060742407
31 1.6254876463
78 1.7730496454
214 1.8355359765
350 1.8796992481
535 1.9747235387
570 2.0798668885
1276 2.4366471735
1323 2.5562372188
1325 2.5987525988
1351 2.6881720430
2034 2.8344671202
2542 3.7091988131
3324 3.7993920973
5702 4.3252595156
6175 2.2603978300
evaluations raw_y
1 1.3691128149
6 1.4450867052
10 1.4863258026
18 1.7934002869
66 2.3992322457
1280 2.6427061311
1384 3.0562347188
2320 3.1172069825
2549 3.7091988131
6175 1.6425755585
evaluations raw_y
1 0.8626639061
2 1.0692899914
3 1.5299877601
7 1.6254876463
16 1.7934002869
635 1.9025875190
1121 2.0000000000
1276 2.3277467412
1278 2.6427061311
1726 2.7839643653
2561 2.8868360277
2809 3.3156498674
6175 2.0798668885
evaluations raw_y
1 1.5299877601
19 1.7146776406
29 2.3277467412
203 2.7839643653
1313 2.9976019185
1379 3.1172069825
1678 3.3156498674
2711 3.3875338753
6175 1.6087516088
evaluations raw_y
1 1.0204081633
2 1.8142235123
103 2.2603978300
113 2.2935779817
228 2.3629489603
1366 2.4752475248
1481 2.5562372188
1562 2.5987525988
1694 2.7839643653
2043 2.9411764706
2587 2.9976019185
3577 3.1172069825
3788 3.4626038781
3931 3.6231884058
4215 3.7993920973
5426 4.3252595156
6175 1.4863258026
evaluations raw_y
1 1.2899896801
4 1.5605493134
15 1.9025875190
153 2.0259319287
166 2.0798668885
1852 2.1079258010
8047 2.3277467412
19503 1.0271158587
evaluations raw_y
1 0.6789788159
2 0.9520182788
4 1.4450867052
13 1.8142235123
26 1.8796992481
142 2.1663778163
19503 0.6789788159
evaluations raw_y
1 1.0271158587
2 1.3812154696
5 1.7337031900
21 2.3277467412
19503 1.0072522160
evaluations raw_y
1 1.2690355330
2 1.4585764294
5 1.4863258026
6 1.6600265604
11 1.7146776406
116 1.7730496454
129 2.0798668885
3021 2.2603978300
19503 1.0137875101
evaluations raw_y
1 1.4188422247
12 1.4318442153
13 1.5451174289
19 1.5923566879
21 1.6087516088
47 1.6600265604
52 1.7337031900
66 1.8142235123
109 1.9747235387
110 2.6881720430
19503 1.2899896801
evaluations raw_y
1 1.7337031900
29 2.3629489603
307 2.4366471735
1651 2.6427061311
2462 2.7352297593
2919 2.7839643653
8001 1.0766580534
evaluations raw_y
1 0.8305647841
2 1.0072522160
5 1.1916110582
6 1.4188422247
16 1.5451174289
27 1.7934002869
28 2.0525451560
1766 2.2281639929
8001 1.0204081633
evaluations raw_y
1 0.8871540099
2 1.4060742407
3 1.9500780031
246 1.9747235387
2624 2.0798668885
6261 2.1367521368
6670 2.4752475248
8001 0.9025270758
evaluations raw_y
1 1.0339123242
3 1.5451174289
5 2.1367521368
5012 2.4752475248
8001 1.2007684918
evaluations raw_y
1 1.1649580615
8 1.2690355330
11 1.4863258026
14 1.5451174289
25 1.9747235387
154 2.0000000000
280 2.0259319287
708 2.0525451560
735 2.5562372188
8001 1.5006002401
evaluations raw_y
1 0.8722958828
2 1.1150758252
3 1.1916110582
5 1.2588116818
7 1.3572204126
10 1.8355359765
26 2.3992322457
4570 2.6427061311
7101 2.7839643653
9025 2.0798668885
evaluations raw_y
1 0.7365939894
3 0.9293680297
4 1.2690355330
10 1.4723203769
17 1.7531556802
52 1.7934002869
71 2.1079258010
4581 2.2935779817
4674 2.4752475248
4870 2.5150905433
5033 2.5562372188
5733 2.6881720430
9025 1.4188422247
evaluations raw_y
1 0.7886435331
3 1.0072522160
6 1.1394712853
11 1.5923566879
40 2.0259319287
4591 2.0798668885
4596 2.1079258010
4635 2.1367521368
4637 2.2281639929
4828 2.2603978300
4967 2.3277467412
5432 2.5562372188
7316 2.6427061311
9024 2.7352297593
9025 1.9025875190
evaluations raw_y
1 1.5451174289
9 1.7337031900
33 2.1079258010
397 2.2935779817
2171 2.3992322457
2309 3.3875338753
4809 3.4626038781
6577 3.5410764873
9025 2.4366471735
evaluations raw_y
1 1.2007684918
4 1.2195121951
5 1.3340448239
6 1.5299877601
8 1.8796992481
72 1.9747235387
375 2.0525451560
1594 2.1663778163
1616 2.3277467412
2425 2.6427061311
4612 2.6881720430
4670 2.7352297593
4815 2.8344671202
5180 3.0562347188
5263 3.3156498674
9025 1.1478420569
evaluations raw_y
1 1.2487512488
10 1.4863258026
20 1.6425755585
65 1.8796992481
107 2.0000000000
512 2.0525451560
792 2.2935779817
1377 2.3277467412
1516 2.5987525988
3195 2.8344671202
13530 1.5762925599
evaluations raw_y
1 0.6053268765
2 1.5299877601
10 1.6425755585
62 1.8355359765
1884 1.9747235387
2669 2.0259319287
3243 2.3277467412
8962 3.1806615776
13530 0.7263219059
evaluations raw_y
1 0.9349289454
2 1.0917030568
4 1.5006002401
7 1.5151515152
26 1.5299877601
34 1.9025875190
41 1.9260400616
794 2.1663778163
978 2.6881720430
13530 0.7098239637
evaluations raw_y
1 1.3691128149
7 1.6254876463
31 2.0259319287
161 2.0798668885
166 2.1079258010
576 2.2935779817
1929 2.3277467412
2410 2.5562372188
3221 2.6881720430
13530 0.9637625289
evaluations raw_y
1 0.8871540099
3 1.4318442153
4 1.8142235123
23 1.9260400616
33 2.2935779817
93 2.8344671202
11090 2.9976019185
13530 0.8722958828
evaluations raw_y
1 1.1312217195
2 1.8796992481
640 1.9500780031
812 2.1367521368
1237 2.1968365554
1259 2.7839643653
1823 3.0562347188
2643 3.1172069825
3207 3.3156498674
3292 3.9936102236
3753 5.0200803213
5390 2.5562372188
evaluations raw_y
1 1.4318442153
9 1.4585764294
19 1.6425755585
41 1.8355359765
352 1.8796992481
645 2.2603978300
734 2.4752475248
787 2.5562372188
1248 2.6427061311
1265 2.9976019185
1850 3.0562347188
2449 3.4626038781
2505 3.5410764873
5390 2.1079258010
evaluations raw_y
1 1.3227513228
3 1.7730496454
631 1.7934002869
644 1.8355359765
691 1.8573551263
735 1.8796992481
743 2.0000000000
764 2.2935779817
1438 2.3277467412
1446 2.4366471735
1494 2.7839643653
1822 2.8344671202
1848 2.9411764706
1905 3.1172069825
2480 3.2467532468
2635 3.3156498674
3058 3.4626038781
3636 3.7091988131
5390 3.7091988131
evaluations raw_y
1 1.2487512488
3 1.6600265604
23 1.8573551263
410 1.9747235387
651 2.1968365554
730 2.2935779817
827 2.4366471735
1229 2.7839643653
1318 3.0562347188
1904 3.3156498674
2498 3.5410764873
3901 4.3252595156
4366 4.5787545788
5390 2.2935779817
evaluations raw_y
1 1.4723203769
22 1.9500780031
73 2.0798668885
458 2.2603978300
654 2.6427061311
1042 2.6881720430
1247 2.7839643653
1253 2.8868360277
1890 2.9411764706
1992 3.1172069825
2187 3.1806615776
2433 3.3875338753
3133 3.7091988131
3159 3.9936102236
5390 3.9936102236
evaluations raw_y
1 1.4318442153
7 1.5605493134
26 1.9260400616
181 2.2281639929
653 2.3629489603
898 2.3992322457
1818 2.4366471735
3888 2.5150905433
5340 2.6427061311
6441 0.8674531575
evaluations raw_y
1 1.2794268168
3 1.3691128149
7 1.5451174289
41 1.6960651289
58 1.7337031900
62 1.7730496454
88 1.9025875190
100 1.9260400616
174 1.9747235387
266 2.0525451560
392 2.0798668885
639 2.1367521368
961 2.3277467412
2453 2.3629489603
4359 2.4366471735
6441 1.1737089202
evaluations raw_y
1 0.8973438622
2 1.7337031900
43 1.7531556802
87 2.6427061311
6441 0.6909894970
evaluations raw_y
1 1.1478420569
4 1.4060742407
13 1.4450867052
16 2.0000000000
32 2.0259319287
113 2.1367521368
503 2.4366471735
4117 2.6427061311
5241 2.7352297593
6441 1.0917030568
evaluations raw_y
1 1.6254876463
7 1.6778523490
31 1.9747235387
371 2.0259319287
427 2.0525451560
472 2.2603978300
595 2.4752475248
1523 2.8868360277
5232 3.3156498674
6441 1.2100677638
evaluations raw_y
1 0.6534239415
2 1.3691128149
3 1.5923566879
15 2.2281639929
973 2.4366471735
1536 2.5987525988
1963 2.7352297593
2031 2.7839643653
2305 2.8344671202
2512 3.0562347188
2882 3.4626038781
5208 1.5923566879
evaluations raw_y
1 1.7934002869
44 2.0000000000
109 2.1968365554
144 2.5987525988
865 2.7352297593
1138 2.7839643653
1427 2.9411764706
2110 3.1806615776
2727 3.4626038781
2808 3.7091988131
3556 3.7993920973
5208 1.3340448239
evaluations raw_y
1 1.8142235123
33 2.2935779817
326 2.3277467412
376 2.4366471735
1112 2.7352297593
1479 3.0562347188
2124 3.2467532468
3466 3.7091988131
5208 1.1150758252
evaluations raw_y
1 1.4585764294
7 1.5762925599
8 1.5923566879
21 1.6600265604
28 1.9260400616
31 2.0000000000
141 2.2281639929
929 2.3629489603
972 2.7352297593
1412 2.8868360277
1685 3.5410764873
5208 1.4318442153
evaluations raw_y
1 2.1663778163
80 2.5987525988
108 2.7352297593
1396 2.8868360277
2669 3.1172069825
3754 3.2467532468
5208 2.1968365554
evaluations raw_y
1 1.1150758252
3 1.2690355330
5 1.3007284079
9 1.4863258026
17 1.7531556802
102 2.0259319287
486 2.0798668885
690 3.0562347188
6903 0.8871540099
evaluations raw_y
1 1.2100677638
7 1.3455328310
14 1.9260400616
53 2.1968365554
467 2.4752475248
966 2.8868360277
6903 1.7531556802
evaluations raw_y
1 1.1312217195
2 1.6600265604
23 1.7531556802
29 1.8796992481
87 2.2603978300
373 2.2935779817
1023 2.3277467412
4074 2.3629489603
4554 3.1172069825
6903 1.0917030568
evaluations raw_y
1 0.5679236711
2 1.1071744907
3 1.3691128149
22 2.1079258010
3584 2.1367521368
4736 2.2935779817
6903 0.5294366794
evaluations raw_y
1 0.7692307692
3 1.1737089202
4 1.2007684918
7 1.6600265604
20 1.8355359765
44 1.9025875190
45 2.4752475248
6903 1.1312217195
evaluations raw_y
1 1.0993843448
3 1.1394712853
4 1.3340448239
19 1.5299877601
22 1.8142235123
145 1.8796992481
269 1.9747235387
430 2.1663778163
2757 2.2603978300
4636 2.2935779817
9180 0.6760411033
evaluations raw_y
1 0.7297139521
2 1.6425755585
5 1.7337031900
9 1.7934002869
16 1.9025875190
71 2.0525451560
126 2.8868360277
9180 0.9819324430
evaluations raw_y
1 1.2291052114
2 1.4585764294
4 1.5151515152
6 1.5605493134
16 1.7146776406
58 2.1079258010
580 2.1367521368
605 2.6427061311
7191 2.7839643653
9180 1.0692899914
evaluations raw_y
1 1.0271158587
2 1.5923566879
14 1.8355359765
68 1.8796992481
111 1.9260400616
171 2.0000000000
559 2.1079258010
1223 2.2603978300
1692 2.3992322457
2503 2.8868360277
9180 1.0271158587
evaluations raw_y
1 0.8973438622
2 1.0339123242
3 1.2388503469
6 1.4318442153
21 1.7730496454
78 1.8573551263
383 1.8796992481
1161 2.5150905433
9180 0.7846829881
evaluations raw_y
1 1.6087516088
34 1.6425755585
118 2.0000000000
212 2.4366471735
1070 2.6427061311
2154 2.9411764706
15400 1.0339123242
evaluations raw_y
1 1.0008006405
3 1.8142235123
4 1.8573551263
46 2.1079258010
790 2.2935779817
1690 2.3277467412
7281 2.4366471735
11472 2.5150905433
15400 1.3340448239
evaluations raw_y
1 0.5763024435
2 0.9637625289
3 0.9881422925
5 1.0917030568
8 1.0993843448
9 1.2100677638
14 1.2388503469
17 1.6778523490
40 1.7146776406
94 2.0000000000
3683 2.0259319287
4973 2.2603978300
13319 2.3277467412
15400 1.7531556802
evaluations raw_y
1 1.3572204126
12 1.4060742407
15 1.4188422247
25 1.5006002401
31 1.5151515152
50 1.5451174289
51 1.5923566879
61 1.6960651289
92 1.7337031900
111 2.3992322457
1371 2.6881720430
15400 0.9077705156
evaluations raw_y
1 1.0766580534
3 1.4863258026
9 2.1663778163
3941 2.3992322457
12221 2.4752475248
15400 1.6087516088
evaluations raw_y
1 1.2007684918
4 1.4060742407
19 1.6254876463
20 1.6425755585
48 1.9260400616
448 2.0525451560
3763 2.2603978300
3794 2.3992322457
3797 2.5150905433
3848 2.5562372188
4932 2.8344671202
6686 2.9976019185
7396 2.0525451560
evaluations raw_y
1 1.0204081633
2 1.2690355330
3 1.4060742407
4 2.2603978300
3970 2.5562372188
6824 2.5987525988
7396 1.9260400616
evaluations raw_y
1 0.8175277959
2 1.1394712853
3 1.3455328310
8 1.7146776406
27 1.8796992481
3167 1.9747235387
3743 2.0525451560
3751 2.4366471735
4539 2.5987525988
4593 2.7839643653
6645 2.8868360277
6791 3.0562347188
7396 1.9747235387
evaluations raw_y
1 1.1478420569
2 1.2588116818
8 1.3116474292
13 1.3812154696
15 1.4060742407
30 2.3629489603
3755 2.6881720430
4658 2.8344671202
5762 2.8868360277
6675 3.0562347188
7396 2.3277467412
evaluations raw_y
1 1.5451174289
7 2.3277467412
3827 2.6427061311
3959 2.6881720430
4528 2.8344671202
5956 2.9411764706
7396 1.2291052114
evaluations raw_y
1 1.6960651289
71 1.7934002869
114 1.9025875190
160 2.4752475248
527 2.7352297593
2171 2.8344671202
8873 3.1172069825
10731 1.2388503469
evaluations raw_y
1 1.7337031900
46 1.7531556802
110 2.0259319287
220 2.3992322457
2839 2.6427061311
8142 2.7352297593
10731 1.4188422247
evaluations raw_y
1 0.7886435331
2 1.8796992481
28 1.9747235387
127 2.0798668885
3514 2.3992322457
10731 0.8305647841
evaluations raw_y
1 0.9130752374
2 2.1079258010
3475 2.1968365554
3509 2.3992322457
3589 2.6881720430
10731 0.8261731659
evaluations raw_y
1 0.8305647841
2 1.3935340022
3 1.4060742407
18 1.4863258026
19 1.7531556802
83 2.1367521368
10731 1.3935340022
evaluations raw_y
1 0.7654623393
2 1.2007684918
15 1.6600265604
33 1.9747235387
458 2.5987525988
2743 2.9411764706
4259 3.3156498674
5041 1.5151515152
evaluations raw_y
1 1.1312217195
2 1.3227513228
3 2.0798668885
392 2.6427061311
2592 2.8344671202
2601 2.9976019185
2957 3.0562347188
3045 4.2087542088
5041 1.7934002869
evaluations raw_y
1 0.7926442613
2 0.9881422925
3 1.8796992481
25 2.0525451560
2489 2.0798668885
2643 2.2603978300
2707 3.1806615776
5041 0.8626639061
evaluations raw_y
1 1.0692899914
2 1.7531556802
13 1.9260400616
35 2.0000000000
299 2.2281639929
1244 2.2935779817
1249 2.6427061311
2830 2.6881720430
2906 2.7839643653
2951 2.9411764706
3074 3.0562347188
3710 3.2467532468
5041 1.4863258026
evaluations raw_y
1 0.8261731659
2 1.6778523490
27 1.7531556802
109 1.7730496454
141 2.0000000000
510 2.2281639929
2577 2.2935779817
2617 2.4366471735
2623 2.5562372188
2736 2.8344671202
3727 2.8868360277
4434 3.1172069825
5041 1.4060742407
evaluations raw_y
1 1.5923566879
25 1.9500780031
72 2.0525451560
78 2.1079258010
101 2.1663778163
132 2.2603978300
178 2.4366471735
255 2.7839643653
267 2.8344671202
352 2.8868360277
381 2.9976019185
660 3.0562347188
767 3.1806615776
1865 3.7091988131
5005 2.5987525988
evaluations raw_y
1 1.0692899914
4 1.1563367253
6 1.6778523490
102 1.7146776406
111 1.9025875190
146 2.4366471735
206 2.9976019185
261 3.0562347188
271 3.2467532468
788 3.3156498674
792 3.4626038781
1552 3.5410764873
1851 3.6231884058
5005 2.4366471735
evaluations raw_y
1 0.9944311854
2 1.2100677638
3 1.2291052114
5 1.6778523490
11 1.9025875190
170 1.9747235387
171 2.1663778163
179 2.5150905433
256 2.9411764706
270 2.9976019185
455 3.1806615776
767 3.2467532468
1137 3.3875338753
5005 1.9747235387
evaluations raw_y
1 0.6246876562
2 1.1916110582
5 1.5605493134
11 2.0798668885
173 2.3992322457
288 2.5562372188
327 2.6427061311
342 2.6881720430
362 2.8868360277
408 2.9976019185
464 3.2467532468
615 3.4626038781
661 3.5410764873
5005 2.1079258010
evaluations raw_y
1 0.8394895903
2 1.2690355330
5 1.6425755585
12 3.3156498674
5005 2.8344671202
evaluations raw_y
1 0.9130752374
2 1.4318442153
3 1.5151515152
22 1.5299877601
31 1.5605493134
33 1.9747235387
94 2.1663778163
103 2.2935779817
191 2.5987525988
232 2.6881720430
248 2.9411764706
393 3.1172069825
646 3.3156498674
809 3.6231884058
1160 3.7091988131
3218 4.0983606557
3496 4.2087542088
3935 4.5787545788
5005 1.4723203769
evaluations raw_y
1 1.0477787091
3 1.1737089202
5 1.7337031900
50 1.7934002869
97 2.0798668885
99 2.2603978300
246 2.5150905433
312 2.7352297593
333 3.3156498674
489 3.5410764873
626 3.9936102236
5005 1.1312217195
evaluations raw_y
1 0.7471607890
2 1.0993843448
3 1.4188422247
6 1.7934002869
20 2.0000000000
92 2.1663778163
94 2.2935779817
110 2.7352297593
186 3.3875338753
546 3.5410764873
1803 3.6231884058
5005 2.7839643653
evaluations raw_y
1 0.7846829881
2 1.3572204126
6 1.5006002401
15 1.9500780031
127 1.9747235387
131 2.0000000000
157 2.1367521368
209 2.4366471735
314 2.5150905433
400 2.5562372188
454 2.8868360277
501 3.7091988131
1284 3.7993920973
1719 4.7169811321
5005 1.3935340022
evaluations raw_y
1 1.2195121951
3 1.3691128149
7 1.5299877601
8 2.3629489603
90 2.4366471735
145 2.5987525988
176 2.7352297593
198 2.9411764706
464 3.2467532468
503 3.3156498674
521 4.5787545788
5005 1.4723203769
evaluations raw_y
1 1.1649580615
4 1.2195121951
9 1.2487512488
15 1.3935340022
24 1.7146776406
70 1.7730496454
79 2.0000000000
96 2.0525451560
125 2.1663778163
208 2.2281639929
212 2.2935779817
222 2.4752475248
262 2.5562372188
508 2.7839643653
710 3.3156498674
1657 3.5410764873
2506 3.6231884058
4751 3.7993920973
5005 1.6778523490
evaluations raw_y
1 0.8305647841
2 1.3116474292
3 1.8355359765
82 2.3277467412
93 2.4752475248
173 2.7839643653
306 2.8344671202
822 3.1806615776
1266 3.2467532468
2424 3.3156498674
3767 3.5410764873
4402 3.7091988131
4797 3.7993920973
5001 3.9936102236
5005 2.8868360277
evaluations raw_y
1 1.8573551263
23 2.0000000000
53 2.0259319287
85 2.1367521368
246 2.5562372188
286 2.7352297593
333 3.3875338753
406 3.4626038781
683 3.7091988131
2924 4.2087542088
5005 1.9747235387
evaluations raw_y
1 1.1394712853
2 1.3227513228
11 1.4863258026
18 1.7146776406
27 1.7934002869
80 1.8573551263
123 2.0259319287
153 2.0525451560
218 2.7352297593
353 2.8868360277
628 2.9976019185
638 3.0562347188
939 3.3156498674
1439 3.7993920973
5005 1.6425755585
evaluations raw_y
1 0.7617306520
2 0.8973438622
3 0.9025270758
4 1.1825922422
5 1.7531556802
92 1.8142235123
104 2.1079258010
141 2.2935779817
192 2.5987525988
330 2.7352297593
370 2.9411764706
628 3.0562347188
887 3.9936102236
1833 4.0983606557
5005 2.8868360277
evaluations raw_y
1 0.6731287022
2 1.7337031900
106 2.0000000000
145 2.5150905433
162 2.5987525988
244 2.9411764706
2842 2.9976019185
4393 3.1806615776
5005 1.7146776406
evaluations raw_y
1 0.9697439876
2 1.4450867052
8 1.5923566879
31 1.6960651289
65 1.7531556802
77 1.7730496454
103 1.9747235387
136 2.0000000000
162 2.3629489603
353 2.5987525988
650 2.8868360277
974 3.1806615776
1637 3.2467532468
3099 3.5410764873
5005 1.3691128149
evaluations raw_y
1 0.5538325210
2 0.8350033400
3 1.7934002869
139 1.8573551263
182 1.8796992481
189 2.0798668885
216 2.1367521368
226 2.1663778163
284 2.2281639929
378 2.2603978300
393 2.4752475248
559 2.9411764706
624 3.1806615776
640 3.6231884058
2109 4.2087542088
5005 1.4863258026
evaluations raw_y
1 1.1071744907
4 1.2291052114
9 1.6600265604
22 1.9260400616
65 2.0259319287
126 2.4366471735
218 2.6427061311
292 2.8868360277
473 3.1172069825
3801 3.5410764873
5005 1.3007284079
evaluations raw_y
1 1.2007684918
3 1.6425755585
25 1.7337031900
28 1.9747235387
140 2.0525451560
187 2.2935779817
234 2.5150905433
573 2.5987525988
650 2.6427061311
670 2.6881720430
696 2.8344671202
763 2.9976019185
4598 3.3875338753
4891 3.5410764873
5005 1.2794268168
evaluations raw_y
1 1.4060742407
10 1.4863258026
11 1.7531556802
27 1.8796992481
78 2.0000000000
98 2.0259319287
112 2.0525451560
113 2.1367521368
139 2.2281639929
145 2.5987525988
182 2.6881720430
250 3.4626038781
5005 2.5987525988
evaluations raw_y
1 1.1649580615
2 1.2794268168
5 1.6960651289
25 2.3629489603
169 2.5562372188
179 2.7839643653
189 3.3156498674
3288 3.3875338753
3331 3.4626038781
3450 3.7993920973
3603 3.8940809969
5005 2.8344671202
evaluations raw_y
1 1.8355359765
14 2.1079258010
15 2.1968365554
17 2.2935779817
71 2.3277467412
92 3.0562347188
201 3.1172069825
256 3.1806615776
441 3.2467532468
2500 3.3156498674
3894 3.7993920973
5005 1.4450867052
evaluations raw_y
1 0.8973438622
2 1.0271158587
3 1.1478420569
6 1.1737089202
10 1.4060742407
94 1.7146776406
106 1.8142235123
124 1.9747235387
175 2.0000000000
183 2.1079258010
193 2.1968365554
238 2.2603978300
254 2.4752475248
261 2.5562372188
267 2.5987525988
293 2.9411764706
381 3.1806615776
548 3.2467532468
576 3.5410764873
2804 3.6231884058
2869 3.7993920973
5005 1.5762925599
evaluations raw_y
1 1.2690355330
14 1.3812154696
22 1.4450867052
28 1.4863258026
36 1.6600265604
67 1.9025875190
72 1.9500780031
107 2.1079258010
113 2.3992322457
115 2.8868360277
175 2.9411764706
176 3.2467532468
255 3.6231884058
441 3.7091988131
687 3.7993920973
1445 3.8940809969
1622 3.9936102236
2328 4.0983606557
2643 4.8638132296
5005 2.9976019185
evaluations raw_y
1 1.2388503469
2 1.4318442153
4 1.4863258026
8 1.7337031900
53 1.9025875190
102 2.3992322457
192 2.4366471735
249 2.5562372188
821 2.9976019185
1362 3.3156498674
5005 1.1150758252
evaluations raw_y
1 1.2899896801
4 1.4188422247
13 1.8142235123
33 1.8355359765
58 2.6427061311
215 2.9976019185
529 3.1172069825
1935 3.3875338753
4406 3.4626038781
5005 1.9025875190
evaluations raw_y
1 1.0766580534
4 1.2588116818
13 1.2690355330
14 1.3116474292
20 1.4060742407
22 1.4318442153
25 1.6960651289
44 1.9500780031
66 2.0000000000
97 2.0798668885
129 2.1367521368
181 2.2281639929
252 2.3992322457
374 2.4752475248
410 3.1172069825
4178 3.4626038781
5005 1.9747235387
evaluations raw_y
1 0.9349289454
3 1.1825922422
5 1.3691128149
7 2.1367521368
74 2.2603978300
230 2.3629489603
250 2.3992322457
294 2.6881720430
1492 3.0562347188
2901 3.5410764873
3183 3.7091988131
5005 1.2100677638
evaluations raw_y
1 0.9758001561
4 1.0407993339
5 1.3007284079
10 2.2603978300
214 2.3629489603
310 2.5987525988
346 2.8344671202
612 2.9411764706
1831 3.0562347188
3887 3.1172069825
4215 3.2467532468
5005 1.7337031900
evaluations raw_y
1 0.7966857871
4 1.2487512488
7 1.5923566879
93 1.7730496454
114 1.9025875190
132 2.1079258010
179 2.1367521368
220 2.4366471735
323 2.7839643653
397 2.8344671202
500 2.8868360277
1319 2.9976019185
2341 3.1806615776
2734 3.3156498674
4874 3.6231884058
4947 3.7091988131
5005 1.3340448239
evaluations raw_y
1 1.4188422247
5 1.5151515152
6 1.6960651289
10 2.1079258010
264 2.3629489603
297 2.3992322457
322 2.4366471735
325 2.5562372188
340 2.7839643653
609 3.1172069825
720 3.1806615776
2240 3.3875338753
5005 1.3572204126
evaluations raw_y
1 1.1563367253
3 1.1916110582
4 1.2100677638
5 1.4060742407
19 1.6254876463
48 1.7730496454
99 2.0798668885
260 2.1367521368
334 2.3277467412
340 2.4366471735
469 2.5562372188
566 2.5987525988
703 2.6427061311
719 2.6881720430
841 2.7352297593
989 2.7839643653
1490 3.0562347188
4181 3.3156498674
5005 1.9025875190
evaluations raw_y
1 0.9819324430
2 1.3935340022
7 1.4723203769
8 1.6600265604
14 1.7146776406
18 1.8796992481
86 2.3277467412
117 2.5987525988
276 3.1172069825
1586 3.4626038781
5005 1.1563367253
evaluations raw_y
1 1.1737089202
2 1.3691128149
10 1.4723203769
25 1.7146776406
27 1.8355359765
46 2.0525451560
155 2.1367521368
162 2.2603978300
179 2.3992322457
294 2.4366471735
327 2.9411764706
559 3.9936102236
5005 1.5151515152
evaluations raw_y
1 1.1071744907
2 1.5299877601
16 1.6600265604
24 1.9500780031
35 2.0259319287
92 2.2281639929
236 2.7839643653
552 3.6231884058
5005 0.8771929825
evaluations raw_y
1 1.1230907457
2 1.5151515152
18 1.7337031900
31 1.9025875190
92 1.9747235387
98 2.1663778163
150 2.1968365554
185 2.2603978300
495 2.5987525988
743 2.8868360277
1951 2.9411764706
4486 2.9976019185
5005 1.6425755585
evaluations raw_y
1 1.9747235387
15 2.0259319287
32 2.1367521368
82 2.2603978300
111 2.5150905433
128 2.6881720430
223 3.0562347188
418 3.4626038781
1844 3.5410764873
2021 3.7091988131
2904 4.4483985765
5005 1.4585764294
evaluations raw_y
1 1.3572204126
2 2.0798668885
160 2.7839643653
315 3.1806615776
1104 3.7091988131
5005 1.8355359765
evaluations raw_y
1 0.8626639061
2 1.1649580615
5 1.5923566879
33 1.7730496454
104 1.9500780031
159 2.1079258010
168 2.1367521368
176 2.3992322457
205 2.8344671202
450 2.8868360277
1173 3.3156498674
5005 1.5605493134
evaluations raw_y
1 1.6600265604
13 1.6960651289
31 2.1367521368
80 2.3277467412
168 2.3629489603
202 2.4752475248
306 2.6427061311
498 2.7352297593
562 3.0562347188
1446 3.1806615776
1501 3.3156498674
1571 3.3875338753
4779 3.6231884058
5005 2.1663778163
evaluations raw_y
1 1.1737089202
2 1.5006002401
18 1.5451174289
19 1.5605493134
23 1.6087516088
65 1.8142235123
85 1.9747235387
157 2.1968365554
249 2.2935779817
305 2.8344671202
1038 3.1172069825
5005 2.2281639929
evaluations raw_y
1 1.5923566879
7 1.6254876463
15 1.7337031900
16 2.0000000000
20 2.1663778163
125 2.3277467412
203 2.5562372188
277 3.1172069825
2818 3.3156498674
5005 2.1663778163
evaluations raw_y
1 1.2100677638
5 1.5923566879
6 1.6425755585
46 1.8142235123
66 1.9025875190
84 2.1367521368
152 2.1663778163
172 2.2281639929
259 2.3629489603
280 2.4366471735
562 2.7352297593
1815 3.0562347188
2074 3.2467532468
5005 1.4318442153
evaluations raw_y
1 1.2899896801
3 1.3572204126
6 1.5006002401
14 2.2281639929
178 2.3629489603
276 2.4366471735
307 2.5150905433
517 2.5987525988
601 2.8344671202
911 2.9411764706
955 3.0562347188
1000 3.3875338753
1091 3.7091988131
5005 1.2899896801
evaluations raw_y
1 1.0692899914
5 1.3007284079
11 1.6600265604
30 1.7730496454
33 2.0525451560
168 2.1367521368
213 2.1968365554
247 2.2935779817
335 2.3629489603
353 2.3992322457
711 2.4366471735
796 2.7352297593
992 3.0562347188
1785 3.1806615776
2374 3.4626038781
2435 3.5410764873
2614 3.9936102236
5005 1.7531556802
evaluations raw_y
1 1.0692899914
3 1.1737089202
6 1.4318442153
38 1.4863258026
47 1.5299877601
49 1.6087516088
52 1.7146776406
58 2.0525451560
130 2.2281639929
206 2.4752475248
342 2.7352297593
850 2.7839643653
1022 2.9411764706
1105 3.2467532468
5005 1.1737089202
evaluations raw_y
1 0.9077705156
2 0.9349289454
4 1.0620220901
5 1.0993843448
6 1.6425755585
79 1.8355359765
88 1.9747235387
108 2.0000000000
110 2.0525451560
134 2.3992322457
143 2.8344671202
294 3.5410764873
5005 1.3116474292
evaluations raw_y
1 1.4188422247
4 1.4863258026
25 1.5151515152
27 1.5299877601
28 1.6600265604
39 1.7934002869
45 1.8573551263
49 2.0000000000
64 2.1367521368
195 2.5987525988
539 3.0562347188
625 3.7091988131
5005 1.6600265604
evaluations raw_y
1 0.6589351608
2 0.8871540099
3 1.1312217195
5 1.2588116818
6 1.2690355330
8 1.2899896801
15 1.3572204126
24 1.4723203769
73 1.5451174289
79 1.7146776406
99 1.9260400616
119 2.0259319287
123 2.1079258010
278 2.5562372188
550 3.3875338753
5005 1.7337031900
evaluations raw_y
1 1.1150758252
2 1.4723203769
8 1.5006002401
11 1.7337031900
30 2.0000000000
97 2.3629489603
230 2.3992322457
274 2.4366471735
334 2.4752475248
442 2.6427061311
561 2.7839643653
763 3.3156498674
1511 3.3875338753
2646 3.6231884058
5005 2.0000000000
evaluations raw_y
1 0.4553734062
2 1.1230907457
4 1.2388503469
5 1.6254876463
7 1.6425755585
50 1.6778523490
92 2.0259319287
107 2.0525451560
222 2.1367521368
265 2.1663778163
337 2.2281639929
409 2.3992322457
468 2.6427061311
884 2.7352297593
1345 2.9976019185
1397 3.0562347188
3499 3.2467532468
5005 1.7730496454
evaluations raw_y
1 1.2007684918
3 1.3935340022
7 1.4318442153
9 1.5151515152
12 1.6600265604
70 1.7146776406
80 1.7337031900
89 2.1079258010
115 2.3277467412
265 2.6427061311
292 2.6881720430
570 2.7839643653
1281 2.9976019185
2804 3.0562347188
3464 3.7091988131
5005 1.6087516088
evaluations raw_y
1 1.1916110582
2 1.3116474292
3 1.4318442153
11 1.6600265604
23 1.7146776406
46 1.7531556802
70 1.8142235123
134 2.8868360277
573 3.1806615776
1218 3.2467532468
3434 3.3156498674
4317 3.5410764873
4466 3.8940809969
5005 1.6087516088
evaluations raw_y
1 1.1150758252
4 1.4585764294
13 1.9025875190
106 1.9260400616
119 2.0000000000
129 2.4366471735
142 2.5562372188
364 3.1806615776
3046 3.6231884058
5005 1.2291052114
evaluations raw_y
1 1.1825922422
5 1.3340448239
6 1.3572204126
8 1.6254876463
20 2.1367521368
103 2.5150905433
122 3.0562347188
439 3.3156498674
5005 1.8142235123
evaluations raw_y
1 1.2487512488
5 1.6778523490
14 1.8355359765
39 2.2281639929
101 2.4752475248
124 2.5987525988
830 2.9976019185
3639 3.0562347188
5005 1.2588116818
evaluations raw_y
1 1.2100677638
2 1.4450867052
4 1.5451174289
8 1.6960651289
14 1.8573551263
92 2.4752475248
267 2.5987525988
384 2.6427061311
414 3.5410764873
5005 1.4318442153
evaluations raw_y
1 0.7163323782
2 0.9130752374
4 1.1230907457
6 1.1825922422
11 1.3007284079
12 1.3812154696
13 2.0798668885
171 2.2281639929
216 2.4366471735
261 2.8344671202
530 3.4626038781
5005 1.2487512488
evaluations raw_y
1 1.1071744907
5 1.5299877601
8 2.0798668885
211 2.1367521368
230 2.2935779817
250 2.5562372188
615 3.1806615776
1133 3.3156498674
1604 3.7091988131
5005 1.3116474292
evaluations raw_y
1 0.5330490405
2 1.3116474292
5 1.3572204126
6 1.9260400616
104 2.0259319287
211 2.1367521368
264 2.3992322457
365 2.7839643653
541 2.9976019185
770 3.2467532468
2142 3.3875338753
5005 1.2690355330
evaluations raw_y
1 0.8821453776
2 1.3007284079
4 1.4723203769
29 1.5299877601
50 1.5451174289
69 1.6254876463
96 1.6600265604
98 1.7146776406
99 1.9025875190
152 2.0259319287
204 2.2935779817
236 2.3992322457
481 2.4366471735
607 2.7352297593
1025 2.7839643653
1061 3.0562347188
3190 3.4626038781
3481 3.5410764873
5005 1.4188422247
evaluations raw_y
1 1.4585764294
12 1.5451174289
18 1.7337031900
19 2.3277467412
191 2.7839643653
207 3.3156498674
748 3.5410764873
5005 0.9077705156
evaluations raw_y
1 1.0137875101
2 1.2899896801
4 1.3340448239
7 1.6425755585
13 1.9260400616
185 2.0525451560
260 2.3992322457
275 2.8344671202
777 3.1806615776
863 3.3875338753
4441 3.7091988131
5005 1.1230907457
evaluations raw_y
1 1.2291052114
4 1.4450867052
18 1.6960651289
53 1.7146776406
110 1.7531556802
121 1.7934002869
124 2.0798668885
248 2.3277467412
341 2.9411764706
516 3.2467532468
1249 3.5410764873
2727 3.7993920973
5005 1.2388503469
evaluations raw_y
1 0.9349289454
5 1.2195121951
6 1.3455328310
10 2.0525451560
127 2.5987525988
294 3.0562347188
1268 3.4626038781
5005 0.9819324430
evaluations raw_y
1 1.2794268168
5 1.3812154696
13 1.5605493134
15 1.6425755585
16 1.6600265604
28 2.1968365554
100 2.2603978300
149 2.2935779817
186 2.4366471735
215 2.5150905433
366 2.7352297593
480 2.8344671202
1037 3.1806615776
2045 3.3156498674
2142 3.6231884058
5005 1.7531556802
evaluations raw_y
1 1.2388503469
6 1.5451174289
28 1.7337031900
45 1.9500780031
61 2.1079258010
107 2.1367521368
108 2.3629489603
152 2.5562372188
177 3.6231884058
5005 1.3227513228
evaluations raw_y
1 0.9349289454
3 1.7146776406
75 1.8796992481
142 2.0525451560
224 2.0798668885
254 2.2281639929
274 2.7839643653
399 2.9976019185
743 3.2467532468
3698 3.3156498674
3917 3.6231884058
5005 1.5299877601
evaluations raw_y
1 0.9130752374
2 1.0477787091
5 1.0692899914
6 1.4723203769
7 1.4863258026
41 1.6087516088
85 2.2603978300
126 2.2935779817
157 2.5562372188
250 3.1172069825
5005 1.5451174289
evaluations raw_y
1 1.2487512488
8 1.6600265604
19 1.6960651289
79 1.8142235123
157 1.9025875190
174 1.9500780031
178 2.1079258010
291 2.2935779817
355 2.7839643653
2214 2.9976019185
5005 1.1649580615
evaluations raw_y
1 0.6617257808
2 1.3340448239
3 2.2281639929
156 2.2935779817
385 2.3992322457
475 2.5562372188
591 2.8344671202
803 3.1806615776
1431 3.2467532468
3713 3.5410764873
3853 4.2087542088
5005 1.6778523490
evaluations raw_y
1 1.0917030568
2 1.2690355330
3 1.6960651289
21 1.8355359765
77 2.3992322457
435 2.4366471735
495 2.8868360277
1774 2.9411764706
1891 2.9976019185
2387 3.1806615776
5005 1.2588116818
evaluations raw_y
1 1.0204081633
2 1.5451174289
3 1.6778523490
10 2.0259319287
141 2.0798668885
257 2.1663778163
350 2.2603978300
394 2.3629489603
475 2.5150905433
478 2.7839643653
631 3.4626038781
5005 0.9349289454
evaluations raw_y
1 0.5294366794
2 0.7400828893
3 1.1916110582
4 1.2388503469
6 1.2588116818
12 1.4585764294
14 1.5762925599
43 1.5923566879
90 2.0798668885
108 2.1079258010
114 2.3992322457
234 2.5562372188
419 2.8344671202
650 2.9411764706
1166 3.0562347188
1236 3.1806615776
4147 3.3156498674
5005 1.7730496454
evaluations raw_y
1 0.7507507508
2 0.8350033400
3 0.9238728751
7 1.4060742407
10 1.4585764294
50 1.6087516088
65 1.7337031900
112 1.9260400616
123 2.1367521368
142 2.5150905433
313 2.5562372188
460 2.7352297593
768 2.8344671202
1307 2.9976019185
1419 3.2467532468
1948 3.3875338753
5005 1.5605493134
evaluations raw_y
1 0.5480052609
2 1.3935340022
7 1.4863258026
21 1.5762925599
99 1.9500780031
136 1.9747235387
195 2.1968365554
317 2.5150905433
368 2.6881720430
369 2.9411764706
1566 3.0562347188
2152 3.1172069825
3587 3.2467532468
5005 1.5151515152
evaluations raw_y
1 1.1230907457
2 1.7146776406
10 1.7337031900
23 1.7531556802
37 2.1663778163
102 2.2603978300
177 2.3277467412
196 2.4752475248
258 2.5562372188
361 2.7352297593
563 2.7839643653
1660 3.1172069825
1825 3.2467532468
1844 3.5410764873
5005 1.2690355330
evaluations raw_y
1 1.1478420569
2 1.5299877601
46 1.9025875190
79 2.4366471735
204 2.5150905433
293 2.6881720430
1255 2.9411764706
1317 3.1806615776
3849 3.7091988131
4723 3.7993920973
5005 1.3691128149
evaluations raw_y
1 0.9944311854
2 1.7934002869
15 1.8796992481
35 2.3277467412
177 2.3629489603
242 2.4752475248
524 3.2467532468
5005 1.7337031900
evaluations raw_y
1 1.6254876463
17 1.7934002869
44 1.8142235123
53 2.0259319287
62 2.1079258010
255 2.8344671202
1395 3.1806615776
2049 3.4626038781
5005 1.6087516088
evaluations raw_y
1 0.9758001561
4 1.0692899914
5 1.1230907457
7 1.1737089202
9 1.3812154696
16 1.6960651289
38 1.9260400616
61 2.5562372188
332 2.8344671202
377 2.9976019185
623 3.1806615776
704 3.2467532468
1092 3.3156498674
4757 3.3875338753
4992 3.4626038781
5005 1.7337031900
evaluations raw_y
1 0.8007687380
2 0.9819324430
3 1.4863258026
6 2.1968365554
237 2.2281639929
341 2.2603978300
367 2.5150905433
402 2.6881720430
879 2.8344671202
1668 2.9411764706
2305 3.0562347188
2465 3.4626038781
2531 3.7091988131
2797 3.7993920973
5005 1.4723203769
evaluations raw_y
1 1.0477787091
2 1.3455328310
4 1.4723203769
7 1.7146776406
96 2.3629489603
128 2.6427061311
423 2.7352297593
455 2.9411764706
1222 3.4626038781
5005 1.5451174289
evaluations raw_y
1 1.1478420569
2 1.5923566879
3 1.9260400616
123 2.1079258010
132 2.1968365554
154 2.5150905433
259 2.6427061311
431 2.7352297593
583 2.9411764706
676 3.0562347188
2438 3.4626038781
3121 3.5410764873
5005 1.2690355330
evaluations raw_y
1 1.3227513228
2 1.8796992481
14 1.9260400616
21 2.0525451560
98 2.6427061311
260 2.8344671202
349 2.9976019185
2508 3.1806615776
2725 3.5410764873
5005 1.1649580615
evaluations raw_y
1 1.0548523207
4 1.2100677638
6 1.3007284079
12 1.3935340022
18 1.4060742407
19 1.4188422247
20 1.6600265604
36 1.8573551263
100 2.0798668885
110 2.4366471735
253 2.5987525988
831 2.9411764706
1285 3.2467532468
3316 3.3156498674
5005 1.9025875190
evaluations raw_y
1 0.6222000996
2 0.7692307692
4 1.1825922422
8 1.2100677638
15 1.2487512488
18 1.3116474292
28 1.5762925599
60 1.6254876463
64 1.6778523490
77 2.1079258010
98 2.1367521368
106 2.1663778163
156 2.2281639929
209 2.4752475248
263 2.6881720430
420 2.7352297593
553 3.1172069825
1569 3.1806615776
5005 1.1649580615
evaluations raw_y
1 1.2007684918
2 1.3227513228
4 1.6960651289
10 1.7531556802
50 1.8355359765
84 1.9260400616
85 2.0000000000
100 2.2935779817
191 2.5150905433
503 2.5987525988
758 2.8344671202
807 3.1172069825
874 3.4626038781
5005 1.5451174289
evaluations raw_y
1 1.7531556802
14 1.9747235387
49 2.0000000000
69 2.1367521368
137 2.2935779817
185 2.5562372188
267 2.5987525988
354 2.6427061311
540 2.7839643653
579 3.1806615776
599 3.4626038781
3081 3.7091988131
5005 1.7934002869
evaluations raw_y
1 1.2100677638
2 1.3007284079
7 1.4450867052
15 1.5923566879
22 1.6087516088
23 1.9260400616
80 1.9500780031
135 2.0525451560
145 2.4366471735
162 2.7352297593
664 3.2467532468
727 3.3156498674
5005 2.0259319287
evaluations raw_y
1 1.7934002869
10 1.8573551263
33 1.9260400616
34 2.0000000000
96 2.1968365554
240 2.3992322457
483 2.5562372188
531 2.6427061311
575 2.7839643653
642 2.9411764706
1637 3.1806615776
2975 3.5410764873
5005 1.3340448239
evaluations raw_y
1 1.0993843448
2 1.4188422247
3 1.4585764294
8 1.4863258026
11 1.6778523490
17 1.6960651289
21 2.1079258010
152 2.2281639929
175 2.5150905433
258 2.5562372188
671 2.7352297593
785 4.4483985765
5005 1.5006002401
evaluations raw_y
1 0.7768800497
2 1.2100677638
3 1.7337031900
9 1.7531556802
63 1.9260400616
69 2.0525451560
114 2.2935779817
172 2.5987525988
297 2.6427061311
744 3.0562347188
1511 3.2467532468
5005 1.5299877601
evaluations raw_y
1 0.8771929825
2 1.3691128149
3 1.4318442153
4 1.4723203769
61 1.5151515152
93 1.6425755585
110 1.6960651289
145 1.7146776406
154 1.7730496454
217 1.8573551263
271 1.9260400616
288 2.1663778163
340 2.6427061311
413 2.7352297593
468 2.7839643653
1637 3.1806615776
1771 3.7091988131
5005 1.0072522160
evaluations raw_y
1 1.3812154696
13 2.3992322457
347 2.5987525988
384 2.7839643653
557 2.9976019185
810 3.0562347188
1469 3.1172069825
1640 3.1806615776
3272 3.2467532468
5005 1.7337031900
evaluations raw_y
1 1.4318442153
8 1.5006002401
24 1.6778523490
47 1.6960651289
60 1.7146776406
71 1.7730496454
83 1.7934002869
168 2.5150905433
271 3.4626038781
5005 1.5605493134
evaluations raw_y
1 1.5451174289
16 1.6087516088
24 1.6254876463
30 1.7730496454
44 1.9747235387
113 2.6427061311
302 3.1172069825
371 3.3156498674
3041 3.3875338753
5005 1.2690355330
evaluations raw_y
1 1.0407993339
2 1.1394712853
4 1.2588116818
5 1.3572204126
9 1.5605493134
11 1.7531556802
31 1.9025875190
107 2.2281639929
188 2.4752475248
243 2.5562372188
362 2.7352297593
983 3.0562347188
1028 3.3875338753
1395 3.5410764873
5005 0.8626639061
evaluations raw_y
1 0.5699954400
2 0.7331378299
3 1.2794268168
5 2.3629489603
136 2.4752475248
397 2.6881720430
685 2.7352297593
777 2.8868360277
1783 2.9411764706
4575 3.1806615776
5005 1.4723203769
