evaluations raw_y
1 21.5030740467
2 16.9071869073
3 5.1698713167
29 5.1615961780
124 4.5463826298
351 4.0675101119
774 3.5607156796
1016 2.5149726719
1062 2.4575822643
1177 2.4295357752
1393 1.4654399866
1504 1.2233420027
1581 1.2198534459
1641 1.0970804917
1718 0.8982548789
1800 0.6899890996
1832 0.6533912111
2154 0.4530430001
2345 0.4097884986
2448 0.4047250202
2546 0.3854159881
2599 0.3111051624
2714 0.2957206915
2751 0.2816541101
2761 0.2462300954
2795 0.2344424710
2939 0.2183605120
2957 0.1525345394
3130 0.1458672028
3318 0.1385512420
3498 0.1346555407
3638 0.1323984561
3792 0.1307882981
3812 0.1297059396
3872 0.1283474537
3874 0.1214369006
3974 0.1190128529
4048 0.1133476001
4362 0.1098544137
4596 0.1094255612
4684 0.1092990087
4694 0.1088651046
4763 0.1085765485
4913 0.1083356406
4917 0.1083282576
4929 0.1081551638
4942 0.1079983220
5011 0.1079488686
5061 0.1077104864
5235 0.1076566014
5253 0.1074568885
5306 0.1073708291
5309 0.1071676881
5384 0.1071554526
5410 0.1064710563
5802 0.1064421138
5947 0.1064402931
5983 0.1063347804
6009 0.1060408045
6203 0.1059993521
6375 0.1059327207
6439 0.1059013378
6458 0.1058330709
6513 0.1058209856
6526 0.1057628364
6703 0.1057399602
6783 0.1057201215
6877 0.1056910186
6956 0.1056640865
6970 0.1056299704
7165 0.1056282310
7202 0.1056135540
7278 0.1056123065
7320 0.1055863185
7913 0.1055819163
7992 0.1055802507
8083 0.1055743612
8299 0.1055731968
8355 0.1055724571
8360 0.1055695008
8425 0.1055694760
8438 0.1055647981
8777 0.1055642186
8786 0.1055639036
8873 0.1055623362
8877 0.1055619983
8907 0.1055618710
8935 0.1055617731
9066 0.1055608582
9185 0.1055608090
9228 0.1055607394
9281 0.1055599545
9559 0.1055594866
9682 0.1055593414
9794 0.1055591115
9921 0.1055589618
10116 0.1055588643
10327 0.1055587797
10488 0.1055586976
10529 0.1055586107
10754 0.1055585761
10775 0.1055585609
10837 0.1055584946
10870 0.1055584500
10923 0.1055584293
10982 0.1055584110
11065 0.1055584084
11078 0.1055583696
11182 0.1055583293
11305 0.1055583086
11334 0.1055582823
11464 0.1055582590
11547 0.1055582568
11550 0.1055582425
11627 0.1055582261
11678 0.1055581784
11804 0.1055581681
11957 0.1055581638
11967 0.1055581467
11969 0.1055581189
12024 0.1055581073
12071 0.1055580837
12263 0.1055580802
12301 0.1055580782
12304 0.1055580523
12403 0.1055580315
12426 0.1055580304
12608 0.1055580106
12691 0.1055580022
12748 0.1055579947
12804 0.1055579901
12866 0.1055579882
12874 0.1055579862
12879 0.1055579840
12928 0.1055579792
12935 0.1055579728
12986 0.1055579651
13038 0.1055579608
13094 0.1055579604
13105 0.1055579522
13168 0.1055579207
13275 0.1055579098
13306 0.1055579074
13404 0.1055579040
13444 0.1055578965
13544 0.1055578950
13555 0.1055578932
13648 0.1055578880
13685 0.1055578866
13707 0.1055578855
13785 0.1055578807
13913 0.1055578781
13944 0.1055578775
13955 0.1055578652
13989 0.1055578599
14113 0.1055578589
14121 0.1055578529
14163 0.1055578446
14198 0.1055578432
14211 0.1055578427
14300 0.1055578377
14350 0.1055578371
14374 0.1055578367
14377 0.1055578345
14404 0.1055577905
14550 0.1055577852
14613 0.1055577819
14674 0.1055577635
14750 0.1055577625
14756 0.1055577570
14779 0.1055577457
14932 0.1055577389
14981 0.1055577360
15023 0.1055577316
15024 0.1055577266
15078 0.1055577220
15086 0.1055577186
15151 0.1055577174
15198 0.1055577107
15336 0.1055577105
15362 0.1055577042
15389 0.1055577040
15408 0.1055577034
15487 0.1055577032
15511 0.1055577028
15523 0.1055577003
15573 0.1055576998
15668 0.1055576994
15790 0.1055576992
15872 0.1055576989
16051 0.1055576983
16397 0.1055576978
16461 0.1055576975
16481 0.1055576971
16615 0.1055576966
16746 0.1055576961
16793 0.1055576957
17012 0.1055576955
17073 0.1055576953
17210 0.1055576950
17322 0.1055576948
17397 0.1055576943
17643 0.1055576941
17784 0.1055576938
17798 0.1055576935
17924 0.1055576929
18006 0.1055576924
18133 0.1055576921
18140 0.1055576918
18233 0.1055576911
18370 0.1055576908
18385 0.1055576905
18462 0.1055576900
18508 0.1055576897
18638 0.1055576895
18756 0.1055576892
18772 0.1055576890
18821 0.1055576889
18829 0.1055576886
18854 0.1055576882
18982 0.1055576881
19025 0.1055576879
19068 0.1055576874
19159 0.1055576873
19210 0.1055576871
19222 0.1055576861
19343 0.1055576856
19395 0.1055576852
19493 0.1055576847
19628 0.1055576845
19636 0.1055576843
19709 0.1055576839
19729 0.1055576837
19732 0.1055576834
19757 0.1055576826
19947 0.1055576813
20022 0.1055576809
20137 0.1055576803
20225 0.1055576796
20425 0.1055576792
20463 0.1055576790
20521 0.1055576788
20542 0.1055576784
20669 0.1055576777
20744 0.1055576755
20821 0.1055576753
20823 0.1055576749
20951 0.1055576742
21002 0.1055576733
21063 0.1055576720
21095 0.1055576717
21151 0.1055576715
21159 0.1055576707
21246 0.1055576702
21252 0.1055576701
21318 0.1055576669
21424 0.1055576623
21518 0.1055576611
21628 0.1055576602
21653 0.1055576577
21722 0.1055576574
21749 0.1055576562
21782 0.1055576554
21850 0.1055576548
21868 0.1055576529
21871 0.1055576523
21942 0.1055576472
21999 0.1055576462
22062 0.1055576434
22065 0.1055576417
22102 0.1055576392
22244 0.1055576385
22309 0.1055576380
22382 0.1055576374
22504 0.1055576366
22533 0.1055576360
22607 0.1055576357
22695 0.1055576356
22832 0.1055576354
22842 0.1055576352
23242 0.1055576350
23333 0.1055576347
23495 0.1055576345
23621 0.1055576344
23783 0.1055576343
23948 0.1055576341
23964 0.1055576340
24121 0.1055576339
24268 0.1055576335
24366 0.1055576334
24488 0.1055576333
24526 0.1055576331
24591 0.1055576326
24662 0.1055576321
24696 0.1055576319
24717 0.1055576317
24745 0.1055576313
24901 0.1055576310
24925 0.1055576307
24939 0.1055576301
24995 0.1055576300
25008 0.1055576287
25086 0.1055576283
25087 0.1055576281
25149 0.1055576271
25151 0.1055576267
25177 0.1055576258
25192 0.1055576233
25197 0.1055576165
25276 0.1055576125
25436 0.1055576123
25717 0.1055576121
25829 0.1055576117
26059 0.1055576114
26111 0.1055576112
26113 0.1055576108
26211 0.1055576106
26215 0.1055576100
26378 0.1055576095
26538 0.1055576088
26556 0.1055576081
26674 0.1055576079
26746 0.1055576076
26853 0.1055576070
27123 0.1055576068
27153 0.1055576067
27250 0.1055576065
27308 0.1055576061
27429 0.1055576059
27479 0.1055576057
27729 0.1055576054
27795 0.1055576053
27843 0.1055576050
27949 0.1055576049
27999 0.1055576046
28043 0.1055576045
28105 0.1055576041
28192 0.1055576036
28445 0.1055576034
28506 0.1055576032
28601 0.1055576029
28620 0.1055576024
28683 0.1055576023
28825 0.1055576020
28830 0.1055576018
28918 0.1055576000
29146 0.1055575993
29202 0.1055575992
29224 0.1055575960
29263 0.1055575957
29317 0.1055575952
29325 0.1055575946
29436 0.1055575944
29483 0.1055575937
29504 0.1055575932
29574 0.1055575925
29661 0.1055575916
29725 0.1055575914
29765 0.1055575912
29791 0.1055575910
29803 0.1055575903
29812 0.1055575899
29886 0.1055575889
29959 0.1055575867
30064 0.1055575866
30129 0.1055575841
30301 0.1055575839
30343 0.1055575832
30424 0.1055575818
30510 0.1055575816
30544 0.1055575812
30609 0.1055575793
30684 0.1055575773
30883 0.1055575750
30890 0.1055575734
31224 0.1055575723
31313 0.1055575717
31390 0.1055575716
31466 0.1055575714
31482 0.1055575707
31488 0.1055575702
31715 0.1055575694
31728 0.1055575692
31913 0.1055575685
31951 0.1055575681
32139 0.1055575678
32348 0.1055575676
32350 0.1055575674
32434 0.1055575672
32526 0.1055575671
32553 0.1055575669
32582 0.1055575664
32758 0.1055575661
32919 0.1055575659
33310 0.1055575658
33547 0.1055575657
33666 0.1055575656
33787 0.1055575654
33807 0.1055575653
33870 0.1055575652
33987 0.1055575650
34103 0.1055575649
34348 0.1055575648
34520 0.1055575646
34673 0.1055575645
34986 0.1055575643
35222 0.1055575641
35429 0.1055575640
35899 0.1055575637
36304 0.1055575635
36599 0.1055575634
36932 0.1055575632
37232 0.1055575631
37464 0.1055575629
37704 0.1055575628
38061 0.1055575627
39148 0.1055575626
50010 0.1055575626
evaluations raw_y
1 13.0995318107
23 10.1578001849
26 10.0606266471
30 8.1549708667
41 7.2766868006
50 5.4103443513
166 5.2647790933
226 5.1234759558
380 2.3695879971
1973 1.8774108856
2033 1.5606390312
2067 1.3046536360
2215 1.0256813019
2269 0.9816113686
2318 0.9710167686
2376 0.8130083164
2443 0.7269553356
2504 0.5608296697
2609 0.5439940489
2694 0.4765244805
2759 0.4396674117
2903 0.3912483875
2907 0.3857819887
2919 0.3024909207
3147 0.2952081506
3222 0.2686593363
3324 0.1902026946
3690 0.1801756740
3716 0.1794993755
3869 0.1787779605
3874 0.1735095825
3991 0.1644879692
4122 0.1623664049
4153 0.1583475600
4205 0.1550800471
4368 0.1523767210
4375 0.1477570872
4786 0.1474228201
4867 0.1473553046
4917 0.1466390120
5028 0.1466035775
5040 0.1458531138
5123 0.1455359193
5148 0.1453912099
5244 0.1451161331
5274 0.1450269815
5283 0.1448691464
5330 0.1442175283
5469 0.1440167245
5572 0.1440110067
5685 0.1438578237
5800 0.1437832984
6190 0.1437720035
6195 0.1437321744
6453 0.1436920199
6596 0.1436885978
6661 0.1436822635
6703 0.1436670135
6748 0.1436630139
6853 0.1436469959
6886 0.1436467067
6912 0.1436449139
7115 0.1436429208
7183 0.1436422798
7234 0.1436361083
7339 0.1436353467
7462 0.1436352448
7470 0.1436334015
7514 0.1436330678
7554 0.1436314170
7659 0.1436308640
7718 0.1436306225
7762 0.1436299130
7764 0.1436298335
7783 0.1436297156
7811 0.1436296735
7829 0.1436279944
7900 0.1436267059
7951 0.1436261151
8118 0.1436256767
8270 0.1436256696
8296 0.1436255647
8316 0.1436255087
8345 0.1436254931
8403 0.1436254569
8410 0.1436253635
8434 0.1436253581
8453 0.1436251629
8585 0.1436251091
8599 0.1436250621
8645 0.1436250395
8685 0.1436250258
8693 0.1436249751
8860 0.1436249744
8867 0.1436249083
8966 0.1436248970
8984 0.1436248879
8989 0.1436248661
9036 0.1436248327
9159 0.1436248164
9183 0.1436248079
9226 0.1436248031
9308 0.1436247987
9311 0.1436247768
9366 0.1436247725
9388 0.1436247570
9546 0.1436247521
9642 0.1436247474
9766 0.1436247437
9782 0.1436247427
10031 0.1436247419
10044 0.1436247380
10269 0.1436247377
10368 0.1436247372
10454 0.1436247358
10583 0.1436247352
10773 0.1436247351
10880 0.1436247341
11005 0.1436247337
11077 0.1436247336
11163 0.1436247333
11242 0.1436247332
11391 0.1436247329
14382 0.1436247328
50010 0.1436247328
evaluations raw_y
1 10.8939653908
6 10.6647254336
8 7.6282077322
24 6.8184639181
46 6.6154143801
61 5.1170398638
181 2.8870728305
1330 2.5511178045
1642 2.2133989108
3948 1.6389887400
5764 1.5171361897
5770 0.9930858203
5904 0.8029457053
6153 0.7605564357
6221 0.6606164339
6271 0.6189842478
6285 0.5681277146
6361 0.4942071364
6439 0.4775812168
6594 0.4255912931
6830 0.4211847711
6960 0.4197451611
7008 0.4109992502
7075 0.3642208939
7097 0.3490837415
7384 0.3467977704
7482 0.3442563407
7499 0.3413725617
7548 0.3404670938
7577 0.3298229723
7629 0.3292045283
7705 0.3283056755
7707 0.3262035538
7805 0.3258899033
7830 0.3243058439
7896 0.3175042105
8000 0.3174764543
8034 0.3168755959
8064 0.3150710930
8317 0.3150526507
8343 0.3150436653
8364 0.3142550186
8424 0.3135360916
8630 0.3135317626
8768 0.3134012146
8922 0.3126415968
9120 0.3125678374
9151 0.3123974624
9206 0.3118607895
9487 0.3118376834
9564 0.3118143091
9581 0.3117130959
9657 0.3116582621
9862 0.3114915620
9975 0.3113826310
10109 0.3111990179
10135 0.3110908801
10205 0.3108703298
10390 0.3108422367
10425 0.3106928850
10440 0.3102356526
10597 0.3100884843
10619 0.3099006380
10661 0.3096936316
10787 0.3096902753
10864 0.3096319413
10877 0.3096039404
10944 0.3095744687
11091 0.3095710202
11147 0.3095510835
11181 0.3095391492
11286 0.3095291123
11424 0.3095086541
11470 0.3094962574
11563 0.3094803874
11603 0.3094795149
11630 0.3094757949
11633 0.3094745457
11712 0.3094618674
11740 0.3094519154
11784 0.3094288642
11957 0.3094269527
12082 0.3094251504
12115 0.3094194384
12194 0.3094167897
12218 0.3094158108
12284 0.3094133111
12421 0.3094124822
12488 0.3094093537
12685 0.3094089525
13085 0.3094087678
13092 0.3094084681
13227 0.3094074266
13398 0.3094068258
13412 0.3094067558
13475 0.3094064287
13574 0.3094063992
13664 0.3094061656
13790 0.3094061141
13809 0.3094060380
14043 0.3094060104
14080 0.3094059745
14124 0.3094058488
14363 0.3094058114
14561 0.3094058073
14744 0.3094058065
14838 0.3094057983
14861 0.3094057956
14995 0.3094057808
15107 0.3094057763
15192 0.3094057749
15318 0.3094057739
15416 0.3094057702
15566 0.3094057699
15589 0.3094057661
15864 0.3094057657
15875 0.3094057654
15997 0.3094057652
16036 0.3094057649
16056 0.3094057643
16195 0.3094057640
16376 0.3094057636
16544 0.3094057635
16629 0.3094057633
17560 0.3094057632
50010 0.3094057632
evaluations raw_y
1 10.6210571813
6 9.8443389129
25 7.9520143326
28 2.6022635953
1007 2.2749960402
1450 1.6882257440
4127 1.6158534993
39204 1.5754736149
43946 1.0530134495
50010 9.1654866555
evaluations raw_y
1 17.7713741488
3 17.0516717908
6 11.1767367419
24 4.0466118599
317 2.6906970850
1954 2.6694954069
4615 2.3648061947
5948 1.7486679268
6045 1.5216756201
6109 1.5206130340
6126 1.2491198801
6131 0.8665157331
6186 0.6865379864
6378 0.6099331423
6439 0.5766166198
6480 0.5673996479
6540 0.5501458419
6554 0.5403555844
6604 0.5068311842
6614 0.4806482710
6663 0.3562550913
6761 0.3529296361
6830 0.3436364736
6939 0.3405189542
6961 0.3396106031
6997 0.3205677299
7016 0.3033311425
7084 0.2887153382
7178 0.2769343957
7221 0.2492883814
7249 0.2420820759
7382 0.2419329500
7385 0.2366012122
7403 0.2276382145
7436 0.2275998506
7502 0.2210322968
7566 0.2209826698
7570 0.2165292402
7651 0.2141529585
7677 0.2140850246
7688 0.2001590771
8133 0.1985023912
8198 0.1984486940
8377 0.1977816532
8432 0.1972999864
8477 0.1965206395
8586 0.1960194432
8615 0.1938334682
8683 0.1931393170
8803 0.1930733391
8851 0.1921068960
8907 0.1919055493
8918 0.1917185822
9000 0.1908867842
9174 0.1906874893
9311 0.1906189341
9314 0.1901620160
9506 0.1901340700
9517 0.1899906153
9547 0.1898706927
9562 0.1897342379
9576 0.1897161399
9711 0.1896957088
9755 0.1896868040
9756 0.1895545754
9782 0.1894770859
9882 0.1893786321
9890 0.1893654616
9896 0.1893561934
9942 0.1893439514
9949 0.1893212281
9985 0.1892962315
9987 0.1892788747
10049 0.1891915447
10379 0.1891700941
10553 0.1891432114
10588 0.1891323744
10646 0.1891266294
10779 0.1891232181
10800 0.1891072637
10944 0.1891066765
11045 0.1891057328
11270 0.1891029167
11288 0.1890992093
11381 0.1890976020
11497 0.1890949570
11518 0.1890919697
11757 0.1890916890
11835 0.1890910989
11861 0.1890906241
11912 0.1890898176
11955 0.1890896394
12064 0.1890895717
12131 0.1890890754
12167 0.1890888889
12262 0.1890887232
12321 0.1890885695
12379 0.1890882025
12650 0.1890880778
12670 0.1890877404
12753 0.1890874700
13224 0.1890873042
13327 0.1890872180
13395 0.1890871628
13553 0.1890871598
13627 0.1890871571
13632 0.1890871328
13732 0.1890871169
13822 0.1890871042
13841 0.1890870912
13895 0.1890870833
14086 0.1890870762
14189 0.1890870750
14197 0.1890870744
14271 0.1890870709
14272 0.1890870669
14294 0.1890870657
14389 0.1890870636
14584 0.1890870634
14622 0.1890870632
14629 0.1890870621
14688 0.1890870616
14846 0.1890870610
14906 0.1890870606
14985 0.1890870601
14990 0.1890870596
15008 0.1890870592
15159 0.1890870589
15359 0.1890870588
15394 0.1890870587
15468 0.1890870585
15601 0.1890870583
15748 0.1890870582
16052 0.1890870581
50010 0.1890870581
evaluations raw_y
1 18.0852305704
3 8.9690648952
10 4.5988086671
86 4.3681210540
372 3.4745660923
381 3.3984415159
386 3.0615088543
1426 2.9827455872
1864 2.5477918878
2127 2.2727359308
4024 2.0996950243
7843 1.9247967974
16381 1.7248315357
19445 1.6322653670
20606 1.6121063132
29368 1.4449489374
34215 1.3813583117
37391 1.2263776429
38152 1.0709312831
38299 1.0638708024
38457 0.8812296087
38623 0.7856597006
38859 0.7507119319
38916 0.7061518468
38924 0.6735098929
38947 0.6716103472
39012 0.6549016176
39068 0.6503578017
39076 0.5852863766
39326 0.5419012733
39383 0.5339678640
39483 0.5336416055
39507 0.5296661515
39512 0.5273091333
39553 0.5165402044
39641 0.5161246152
39646 0.5121596077
39648 0.5090512939
39729 0.5067992902
39744 0.5051504039
39805 0.5036261461
39840 0.4871011623
39866 0.4846908067
39913 0.4752446725
39960 0.4715313705
39972 0.4679238849
40124 0.4651945714
40200 0.4646820465
40201 0.4646179025
40220 0.4641165715
40238 0.4635284068
40350 0.4630845752
40382 0.4609930099
40526 0.4599753135
40600 0.4598599350
40662 0.4580897449
40755 0.4580282307
40783 0.4575922568
40786 0.4575755735
40821 0.4567359959
40872 0.4561645696
40886 0.4559773565
40939 0.4558442858
40943 0.4549096247
41063 0.4540811764
41166 0.4539253689
41313 0.4535401221
41356 0.4532590329
41626 0.4531002798
41712 0.4530970624
41726 0.4530032023
41767 0.4529397296
41832 0.4529316331
41880 0.4528109533
41941 0.4527896101
42059 0.4527691402
42079 0.4527391004
42168 0.4527375995
42277 0.4527317410
42444 0.4527228371
42558 0.4526967799
42626 0.4526951449
42744 0.4526855426
42746 0.4526638910
42881 0.4526614204
42885 0.4526240369
43104 0.4526238131
43122 0.4526229437
43155 0.4526124776
43255 0.4526111104
43360 0.4526068085
43440 0.4526057968
43623 0.4526022902
43825 0.4526017788
43832 0.4526015940
43964 0.4526013334
43987 0.4526002678
44140 0.4526000049
44167 0.4525997734
44303 0.4525995184
44426 0.4525991292
44459 0.4525989946
44511 0.4525984684
44679 0.4525984473
44765 0.4525983596
44984 0.4525983556
45068 0.4525982800
45166 0.4525982776
45183 0.4525982479
45342 0.4525982437
45467 0.4525982271
45525 0.4525982109
46115 0.4525982107
46136 0.4525982075
46624 0.4525982074
46692 0.4525982064
46709 0.4525982060
46752 0.4525982051
46768 0.4525982030
46802 0.4525982016
46810 0.4525982006
46822 0.4525981973
46970 0.4525981962
47009 0.4525981958
47183 0.4525981956
47249 0.4525981954
47420 0.4525981952
47474 0.4525981945
47555 0.4525981937
47723 0.4525981934
47869 0.4525981931
47952 0.4525981928
48045 0.4525981927
48115 0.4525981925
48207 0.4525981923
48279 0.4525981920
48442 0.4525981919
48458 0.4525981918
48730 0.4525981916
48917 0.4525981915
49332 0.4525981914
50010 0.4525981914
evaluations raw_y
1 8.7833813092
2 6.5930641601
4 6.5053287748
23 3.9224767202
221 3.8618916479
268 2.9106116710
451 2.7488136874
465 2.4113015039
2435 2.2144124990
2557 1.7159905242
2612 1.1173371656
2677 0.9525290877
2741 0.8129207966
2871 0.7988370146
2914 0.7217115430
3047 0.5495964603
3265 0.5077236942
3424 0.4980750203
3476 0.4978029561
3515 0.4760583126
3553 0.4184514759
3662 0.3947032462
3866 0.3933821029
3961 0.3737502147
3999 0.3645586598
4104 0.3615961233
4123 0.3562310122
4135 0.3549501216
4208 0.3510663129
4344 0.3467479613
4372 0.3438544463
4464 0.3429024892
4537 0.3400653315
4552 0.3398988024
4828 0.3374646421
4861 0.3359460814
5037 0.3359281824
5091 0.3342114041
5169 0.3340245221
5200 0.3332625141
5428 0.3330698467
5472 0.3326284638
5479 0.3323856614
5499 0.3318833260
5547 0.3318492710
5648 0.3315182964
5763 0.3314703119
5824 0.3310058848
5967 0.3309382445
6045 0.3302720541
6237 0.3301610017
6284 0.3299063024
6371 0.3297476351
6429 0.3288743121
6930 0.3284551593
6942 0.3276469023
7071 0.3267186648
7229 0.3262070305
7238 0.3255072293
7240 0.3242795463
7289 0.3238927654
7308 0.3212397983
7410 0.3189912892
7477 0.3186582442
7551 0.3167883919
7591 0.3165130452
7598 0.3159735654
7625 0.3118073844
7711 0.3115153719
7715 0.3112648736
7729 0.3105277517
7738 0.3088686792
7741 0.3078245042
7748 0.3050603355
7874 0.3035030207
7885 0.3031819962
7970 0.3030768865
7976 0.3030655196
8029 0.3017295318
8071 0.3016592476
8181 0.3015065896
8193 0.3003317525
8296 0.2983609826
8330 0.2967512629
8408 0.2963763033
8476 0.2949663914
8489 0.2949167051
8507 0.2938133422
8512 0.2934895346
8597 0.2929636214
8601 0.2925817163
8610 0.2923171561
8622 0.2921495247
8671 0.2921348457
8678 0.2900577352
8682 0.2890943405
8690 0.2830597342
8752 0.2818002594
8762 0.2811971721
8852 0.2798435297
8858 0.2796435683
8889 0.2769713214
8924 0.2755455592
8956 0.2753499258
8996 0.2747532758
9022 0.2745242204
9076 0.2740575762
9112 0.2734112366
9210 0.2730716654
9248 0.2727915451
9263 0.2720998664
9413 0.2720240985
9801 0.2719666742
10090 0.2717359275
10408 0.2714749743
10941 0.2713585593
11085 0.2713136366
11156 0.2712260929
11221 0.2712231078
11306 0.2712224332
11312 0.2712134778
11314 0.2711374267
11415 0.2710879100
11465 0.2710415598
11514 0.2709401512
11608 0.2709028239
11652 0.2708294965
11706 0.2707565737
11818 0.2706940138
11886 0.2706482596
11952 0.2705716624
12003 0.2705583132
12038 0.2704150177
12281 0.2703247351
12344 0.2702744510
12370 0.2701812471
12424 0.2699858494
12501 0.2694878721
12664 0.2688863707
12852 0.2688679161
12884 0.2687620310
12932 0.2684711311
12965 0.2683985179
12983 0.2683065858
13065 0.2675892292
13067 0.2675639651
13080 0.2671270690
13170 0.2669276181
13206 0.2661980919
13234 0.2660328453
13302 0.2655184898
13303 0.2653546110
13304 0.2647505136
13395 0.2646883788
13396 0.2645069801
13400 0.2643443042
13427 0.2641843676
13464 0.2637377688
13475 0.2633111559
13528 0.2631067102
13569 0.2625468446
13587 0.2614233361
13656 0.2613159937
13741 0.2605467329
14027 0.2603773578
14064 0.2600256600
14083 0.2597309656
14125 0.2596018899
14190 0.2595659751
14208 0.2592769154
14216 0.2592174627
14223 0.2585902339
14345 0.2573933442
14527 0.2572991615
14586 0.2570768228
14666 0.2570493158
14768 0.2569142730
14787 0.2568249714
14806 0.2567083722
14821 0.2565499219
16703 0.2565493753
16808 0.2565491456
16984 0.2565491386
17004 0.2565491107
17007 0.2565490387
17024 0.2565489422
17207 0.2565488625
17348 0.2565488567
17394 0.2565488520
17587 0.2565488490
17603 0.2565488488
17789 0.2565488433
17998 0.2565488423
18110 0.2565488422
18185 0.2565488420
18665 0.2565488418
18765 0.2565488416
19234 0.2565488415
50010 0.2565488414
evaluations raw_y
1 11.1163087617
2 5.6611930908
85 3.9731213171
104 3.1700712843
243 2.8723248428
1185 1.6824343768
9659 1.5951739819
26785 0.9642156952
50010 27.0944612415
evaluations raw_y
1 11.8913204704
2 4.8906740377
130 4.4962457726
155 3.8045842104
325 3.5953817476
724 2.4348349438
2915 2.3505898995
5783 2.3343265657
5834 2.2371274530
6590 1.5010134793
8101 1.4343750254
8272 1.3531791969
8317 1.2956011379
8350 0.9818020092
8586 0.9048313271
8627 0.8216576685
8765 0.7987175527
9068 0.7977218615
9147 0.7588193721
9517 0.7511319734
9519 0.7462915325
9682 0.7426526108
9729 0.7380008348
9879 0.7355520701
10031 0.7347591737
10038 0.7345381204
10155 0.7345041641
10193 0.7344251851
10198 0.7325303437
10289 0.7318654395
10401 0.7311363415
10504 0.7291116367
10662 0.7289778357
10679 0.7282501948
10726 0.7279256062
10773 0.7277622084
10964 0.7271123179
11035 0.7270316632
11221 0.7269701818
11322 0.7264148997
11818 0.7264008090
11990 0.7263556227
11995 0.7263411491
12124 0.7263372365
12139 0.7263333028
12190 0.7263235467
12266 0.7262940116
12427 0.7262850006
12459 0.7262739579
12570 0.7262614851
12641 0.7262592283
12672 0.7262591419
12807 0.7262564839
12826 0.7262560824
12947 0.7262541681
13047 0.7262476793
13063 0.7262431635
13415 0.7262404248
13490 0.7262398782
13549 0.7262375196
13550 0.7262333838
13686 0.7262323222
13707 0.7262311033
13792 0.7262270077
14130 0.7262265619
14186 0.7262264722
14368 0.7262261930
14394 0.7262257583
14529 0.7262254787
14645 0.7262254282
14692 0.7262252995
14852 0.7262251689
15910 0.7262251661
16209 0.7262251634
16769 0.7262251589
16803 0.7262251574
16999 0.7262251570
17081 0.7262251567
17084 0.7262251553
17148 0.7262251551
17165 0.7262251545
17193 0.7262251538
17194 0.7262251534
17241 0.7262251518
17441 0.7262251515
17445 0.7262251509
17461 0.7262251490
17876 0.7262251489
17960 0.7262251485
17973 0.7262251484
18106 0.7262251476
18302 0.7262251474
18524 0.7262251472
18645 0.7262251470
18873 0.7262251468
19575 0.7262251467
50010 0.7262251466
evaluations raw_y
1 6.9401957811
58 5.7657963722
112 4.1300005719
122 3.4470087665
167 2.8484565635
210 2.2335015367
5657 1.4805282484
17961 1.2550744307
50010 18.8026666608
evaluations raw_y
1 6.8413652462
7 6.4955094536
104 4.3276988700
232 3.8848905491
1034 2.9930751040
1199 2.8834773028
1399 2.8544358113
1689 2.3659030594
2950 2.2428746924
7732 1.6012370332
9646 1.5975145967
11126 1.5695437099
12051 1.2049750004
12298 0.9614851483
12920 0.8527163361
13002 0.7564808183
13067 0.6292337917
13103 0.6057943592
13262 0.5749243245
13275 0.5106949835
13480 0.5080786443
13622 0.5018741125
13626 0.4791185413
13916 0.4748929341
13930 0.4702643602
14054 0.4683905854
14205 0.4486745832
14446 0.4466257175
14586 0.4446434308
14663 0.4382117764
14826 0.4357309040
14912 0.4354838082
15009 0.4347937603
15146 0.4345161627
15227 0.4335300462
15312 0.4314738868
15445 0.4304418504
15469 0.4304397549
15588 0.4302397902
15631 0.4297992665
15732 0.4296266523
15882 0.4294837437
15925 0.4292922555
15986 0.4290925011
16236 0.4290832755
16285 0.4290591725
16319 0.4290211918
16382 0.4290071998
16504 0.4289872130
16595 0.4289253550
16907 0.4289162499
17207 0.4289105988
17238 0.4288981952
17249 0.4288455161
17496 0.4288327270
17553 0.4288083985
17767 0.4287997162
17783 0.4287985325
17966 0.4287961393
18056 0.4287959242
18089 0.4287950874
18115 0.4287920686
18234 0.4287914857
18285 0.4287908217
18300 0.4287888572
18470 0.4287873613
18512 0.4287866334
18593 0.4287861655
18632 0.4287854403
18841 0.4287851096
18938 0.4287848048
18968 0.4287844344
19246 0.4287843869
19263 0.4287842573
19270 0.4287839039
19417 0.4287837960
19429 0.4287836328
19497 0.4287832864
19630 0.4287832187
19719 0.4287830982
19724 0.4287829695
19958 0.4287828809
19967 0.4287825794
20033 0.4287825241
20067 0.4287824624
20236 0.4287824345
20290 0.4287824239
20410 0.4287824044
20462 0.4287823755
20535 0.4287823355
20587 0.4287823312
20644 0.4287822696
20823 0.4287822690
20867 0.4287822450
20916 0.4287822436
20922 0.4287822344
20988 0.4287822076
21123 0.4287821899
21125 0.4287821859
21257 0.4287821828
21276 0.4287821762
21361 0.4287821692
21386 0.4287821367
21465 0.4287821235
21624 0.4287821182
21706 0.4287821121
21713 0.4287821119
21748 0.4287821097
21768 0.4287820997
21781 0.4287820929
21870 0.4287820924
21890 0.4287820909
21926 0.4287820837
21962 0.4287820762
22238 0.4287820684
22263 0.4287820677
22300 0.4287820641
22326 0.4287820617
22341 0.4287820601
22402 0.4287820573
22461 0.4287820570
22516 0.4287820509
22683 0.4287820498
22756 0.4287820486
22824 0.4287820478
22825 0.4287820456
22853 0.4287820438
22912 0.4287820433
23018 0.4287820418
23078 0.4287820396
23301 0.4287820394
23308 0.4287820383
23327 0.4287820378
23465 0.4287820375
23572 0.4287820370
23589 0.4287820364
23870 0.4287820362
24038 0.4287820359
24218 0.4287820358
24558 0.4287820356
24567 0.4287820354
24727 0.4287820353
24852 0.4287820351
24879 0.4287820350
25161 0.4287820349
25922 0.4287820348
50010 0.4287820347
evaluations raw_y
1 8.6231134943
4 3.9829799667
40 3.4528980359
599 3.0970639534
1061 2.8198841632
1414 2.7835961533
1660 2.7320275543
1952 2.1041522776
13598 1.9164556545
21279 1.5889996917
50010 6.9871425194
evaluations raw_y
1 12.0402765747
3 9.3568712761
5 7.0371262026
9 6.3452676936
22 5.4297277826
36 4.7176480223
166 3.3788354770
800 1.5019416559
1009 1.0150247011
1419 0.9701500471
1585 0.9382406744
1601 0.8793633798
1660 0.7584604329
1753 0.7354361811
1874 0.7123735765
1911 0.7120624519
1941 0.6440547140
1942 0.5919512795
1980 0.5676655787
2114 0.4469980346
2269 0.4251899486
2374 0.4113075829
2603 0.4021818329
2642 0.3913751600
2689 0.3912619937
2693 0.3849308793
2695 0.3721471815
2700 0.3631773518
2760 0.3455567952
2781 0.3352372032
2839 0.3325662114
2875 0.3233087824
2946 0.3203783358
2961 0.3177009657
3063 0.3170016969
3085 0.3148317940
3091 0.3145486818
3100 0.3123598487
3185 0.3118947516
3192 0.3106595145
3236 0.3098795079
3240 0.3094820837
3263 0.3038311141
3323 0.3014230424
3345 0.2972977685
3437 0.2945165427
3441 0.2853903565
3584 0.2847442840
3585 0.2793505789
3651 0.2760032167
3850 0.2749315190
3893 0.2740126415
4121 0.2719964302
4305 0.2683508175
4386 0.2681152247
4444 0.2679959479
4515 0.2660274625
4540 0.2646483197
4634 0.2598138335
4822 0.2595536519
4826 0.2595322178
4991 0.2587897540
5007 0.2582903887
5067 0.2563108100
5099 0.2542528770
5231 0.2540055565
5263 0.2533610928
5337 0.2525597156
5353 0.2510740243
5461 0.2500026199
5462 0.2489472386
5551 0.2483834734
5645 0.2482562106
5701 0.2480338370
5727 0.2472176814
5744 0.2470301510
5797 0.2455629637
5868 0.2441356540
5964 0.2436296100
6038 0.2392260780
6155 0.2382943275
6199 0.2380474582
6275 0.2372237557
6302 0.2370264568
6430 0.2365042536
6479 0.2363786798
6582 0.2362014722
6585 0.2356192201
6747 0.2355258027
6843 0.2354491702
6909 0.2354114721
6956 0.2352603386
7285 0.2351768434
7517 0.2351471903
7649 0.2350947050
7844 0.2350824487
8001 0.2350674124
8103 0.2350661696
8128 0.2350616916
8190 0.2350593297
8193 0.2350456054
8202 0.2350368470
8266 0.2350352466
8358 0.2350302651
8393 0.2350271844
8461 0.2350249413
8541 0.2350241994
8568 0.2350234951
8584 0.2350228462
8598 0.2350215940
8637 0.2350210717
8683 0.2350209590
8741 0.2350176368
8901 0.2350159557
8991 0.2350156631
9040 0.2350156229
9070 0.2350148278
9154 0.2350143721
9276 0.2350143689
9337 0.2350138932
9488 0.2350137796
9500 0.2350131917
10032 0.2350131737
10047 0.2350131555
10118 0.2350130673
10219 0.2350130477
10263 0.2350130180
10362 0.2350130073
10514 0.2350129615
10610 0.2350129612
10718 0.2350129484
10772 0.2350129458
10824 0.2350129403
10871 0.2350129298
10941 0.2350129252
11094 0.2350129107
11165 0.2350129051
11395 0.2350129045
11436 0.2350128951
11585 0.2350128945
11627 0.2350128895
11638 0.2350128874
11703 0.2350128801
11922 0.2350128799
11952 0.2350128774
12043 0.2350128768
12398 0.2350128763
12545 0.2350128759
12665 0.2350128755
12844 0.2350128752
12910 0.2350128751
12936 0.2350128747
13185 0.2350128746
13267 0.2350128742
13543 0.2350128741
13765 0.2350128739
13863 0.2350128738
13967 0.2350128736
14350 0.2350128735
14471 0.2350128734
14645 0.2350128732
14866 0.2350128731
15039 0.2350128730
15623 0.2350128727
15957 0.2350128726
16267 0.2350128725
16662 0.2350128724
16926 0.2350128722
17096 0.2350128721
17653 0.2350128720
18350 0.2350128719
19714 0.2350128718
50010 0.2350128718
evaluations raw_y
1 9.6918069781
6 8.8445648923
8 7.9929908155
32 6.8375099838
40 5.6304921260
119 3.5709604535
641 3.3880343352
1495 2.6201487033
3326 2.4891960809
4560 2.0917611887
4956 2.0844850842
20482 2.0342050863
23663 1.6935865544
23664 1.6651618155
23895 1.4072410969
24069 1.1856537015
24118 1.1658802683
24183 0.9869802175
24359 0.9663779447
24388 0.9420136505
24432 0.9380558834
24503 0.7529641543
24620 0.6802642226
24674 0.6675308928
24716 0.4788939737
25155 0.4749041187
25364 0.4741364342
25440 0.4603055678
25464 0.4503160306
25550 0.4229365768
25625 0.4201416170
25643 0.4134659866
25802 0.3797155276
26213 0.3771843618
26225 0.3738543943
26229 0.3707115430
26437 0.3624985379
26621 0.3613366231
26635 0.3566701027
26882 0.3519406296
26996 0.3516721960
27006 0.3477239056
27102 0.3465863697
27105 0.3458546548
27120 0.3435397263
27208 0.3421522642
27257 0.3410694291
27335 0.3374181940
27428 0.3361901545
27551 0.3356171975
27625 0.3347656987
27714 0.3346742514
27790 0.3337326848
27845 0.3334380560
27916 0.3333395653
27942 0.3327637649
28071 0.3327102504
28197 0.3327098583
28213 0.3314857101
28263 0.3301602832
28364 0.3295450644
28454 0.3294158677
28489 0.3291018427
28582 0.3288834858
28618 0.3283147417
28703 0.3282632313
28745 0.3270166247
28932 0.3259182947
29044 0.3257821411
29066 0.3257298151
29087 0.3257099541
29199 0.3250253918
29227 0.3239867307
29330 0.3238452471
29597 0.3235770704
29703 0.3228565902
29705 0.3227694817
29923 0.3226329982
29963 0.3225422424
29998 0.3219404375
30243 0.3217466239
30372 0.3216459018
30374 0.3216416035
30448 0.3211760771
30509 0.3209783490
30640 0.3205209301
30666 0.3203241741
30777 0.3199456117
30918 0.3199271973
30988 0.3198778095
31004 0.3198339539
31005 0.3196695465
31166 0.3196210653
31178 0.3195533455
31252 0.3192612949
31330 0.3191100593
31550 0.3190984430
31585 0.3190246806
31766 0.3189991426
32042 0.3189729771
32187 0.3189587524
32205 0.3189437929
32294 0.3189126304
32297 0.3188883394
32481 0.3188693202
32582 0.3188632548
32638 0.3188526956
32722 0.3188522194
32724 0.3188374269
32750 0.3188322698
32763 0.3188277161
32826 0.3188122156
32942 0.3187733080
33226 0.3187703271
33497 0.3187651293
33600 0.3187566538
33623 0.3187542606
33767 0.3187507592
34023 0.3187477848
34207 0.3187445269
34294 0.3187442451
34295 0.3187430215
34325 0.3187427846
34439 0.3187419707
34608 0.3187411604
34698 0.3187407905
34761 0.3187407554
34801 0.3187402753
34826 0.3187402068
34847 0.3187394105
34985 0.3187393418
35026 0.3187392804
35041 0.3187391270
35063 0.3187382371
35198 0.3187380828
35244 0.3187379968
35260 0.3187377958
35385 0.3187376242
35494 0.3187376161
35515 0.3187375231
35558 0.3187374974
35563 0.3187374451
35564 0.3187372111
35589 0.3187370877
35604 0.3187368725
35731 0.3187366560
35902 0.3187364210
35908 0.3187362296
35921 0.3187360414
36199 0.3187360118
36205 0.3187360005
36312 0.3187358594
36354 0.3187358379
36478 0.3187357050
36663 0.3187356751
36666 0.3187355275
36797 0.3187354974
36852 0.3187354970
36909 0.3187354822
36923 0.3187354052
37049 0.3187353872
37130 0.3187353604
37141 0.3187353384
37153 0.3187352937
37224 0.3187352572
37412 0.3187352483
37442 0.3187352379
37785 0.3187352318
37894 0.3187352289
37954 0.3187352269
38243 0.3187352192
38532 0.3187352125
38633 0.3187352085
38662 0.3187351985
39075 0.3187351978
39237 0.3187351975
39274 0.3187351969
39370 0.3187351964
39462 0.3187351960
39492 0.3187351958
39561 0.3187351954
39655 0.3187351952
39785 0.3187351951
39797 0.3187351950
39818 0.3187351949
40073 0.3187351947
40220 0.3187351946
41369 0.3187351945
50010 0.3187351944
evaluations raw_y
1 9.7743741718
6 9.0918971294
29 8.9879841213
37 8.2233021363
54 7.2647592390
60 3.6384346221
387 3.4951322988
758 2.9407924993
1990 1.8783426073
2483 1.5400318869
4434 1.4862419674
4682 1.4208767126
4714 1.3225995020
4715 1.1618768653
4834 1.0825011783
4873 1.0765313378
4988 0.9853085662
5045 0.9819008614
5119 0.9390106342
5174 0.9246203120
5223 0.9202938831
5284 0.9184108590
5308 0.8313189767
5317 0.8228989511
5528 0.7979916954
5689 0.7912883779
5818 0.7816720883
5824 0.7706940873
6026 0.7642412788
6037 0.7494464436
6264 0.7464822770
6370 0.7463563606
6395 0.7450756453
6512 0.7436975956
6546 0.7424720445
6662 0.7408773142
6729 0.7398955038
6759 0.7387425544
6776 0.7382888424
6832 0.7368221006
6909 0.7362487126
6995 0.7349298656
7067 0.7342516131
7116 0.7341566168
7141 0.7334547922
7151 0.7333534771
7186 0.7325253224
7348 0.7309861007
7405 0.7307729237
7446 0.7305590114
7562 0.7303671557
7669 0.7303249312
7730 0.7302511516
7758 0.7302118859
7783 0.7300544421
7888 0.7299325861
7976 0.7298416867
8147 0.7298363442
8247 0.7297575738
8266 0.7297559883
8291 0.7296451774
8434 0.7296357822
8442 0.7296106389
8528 0.7296052341
8605 0.7295983672
8618 0.7295930184
8665 0.7295750014
8684 0.7295662616
8696 0.7295613838
8716 0.7295602639
8741 0.7295426378
8778 0.7295381851
8848 0.7295204402
8946 0.7294931769
9157 0.7294918676
9161 0.7294876707
9254 0.7294832941
9355 0.7294767683
9561 0.7294742846
9650 0.7294720763
9782 0.7294718187
9802 0.7294704344
9872 0.7294699493
9945 0.7294693483
10151 0.7294691803
10156 0.7294681740
10383 0.7294679586
10421 0.7294676405
10505 0.7294672785
10542 0.7294668575
10591 0.7294666160
10690 0.7294658212
10793 0.7294656024
10841 0.7294655126
11008 0.7294654318
11039 0.7294652163
11079 0.7294651208
11207 0.7294650980
11287 0.7294649643
11412 0.7294649293
11449 0.7294649222
11468 0.7294648398
11523 0.7294645954
18627 0.7294644698
18991 0.7294643742
19163 0.7294638748
19256 0.7294637994
19343 0.7294636290
19345 0.7294636195
19361 0.7294635615
19365 0.7294635470
19381 0.7294634168
19424 0.7294633688
19448 0.7294633551
19465 0.7294629168
19565 0.7294628441
19590 0.7294628379
19622 0.7294627499
19641 0.7294627393
19658 0.7294626792
19710 0.7294626756
19727 0.7294626715
19794 0.7294626650
19840 0.7294626483
19867 0.7294625605
20043 0.7294625375
20114 0.7294625153
20115 0.7294625135
20137 0.7294625015
20147 0.7294624924
20203 0.7294624848
20205 0.7294624506
20277 0.7294624483
20284 0.7294624300
20328 0.7294624267
20343 0.7294624221
20383 0.7294624187
20448 0.7294623676
20460 0.7294623229
20745 0.7294623094
20783 0.7294622994
20790 0.7294622936
20822 0.7294622867
20829 0.7294622545
20885 0.7294622429
20938 0.7294622368
20948 0.7294622317
21001 0.7294622316
21104 0.7294622277
21123 0.7294622192
21124 0.7294622086
21142 0.7294622071
21246 0.7294621943
21347 0.7294621939
21390 0.7294621934
21466 0.7294621892
21472 0.7294621888
21493 0.7294621717
21809 0.7294621698
21812 0.7294621685
21866 0.7294621668
21971 0.7294621661
22026 0.7294621653
22028 0.7294621646
22085 0.7294621596
22263 0.7294621586
22290 0.7294621582
22327 0.7294621579
22329 0.7294621578
22345 0.7294621554
22362 0.7294621545
22426 0.7294621537
22506 0.7294621535
22518 0.7294621521
22584 0.7294621497
22619 0.7294621478
22742 0.7294621472
22766 0.7294621466
22821 0.7294621462
22827 0.7294621455
22829 0.7294621438
22950 0.7294621392
23087 0.7294621381
23153 0.7294621360
23354 0.7294621351
23402 0.7294621344
23412 0.7294621314
23758 0.7294621308
24034 0.7294621301
24056 0.7294621300
24121 0.7294621298
24474 0.7294621297
24645 0.7294621295
25037 0.7294621294
25324 0.7294621292
25792 0.7294621291
26110 0.7294621290
27551 0.7294621289
50010 0.7294621289
evaluations raw_y
1 14.9462076143
4 14.6696935802
8 14.6317871273
10 8.5989732712
23 8.3535752765
27 6.3403506962
34 6.0961416394
43 2.7028679542
637 2.2577217968
6928 2.1108095232
7563 1.5936282660
10244 1.1658620400
10693 1.1125035965
10856 1.0772663766
10905 0.7251185613
10993 0.5491070905
11082 0.3750825373
11229 0.3628973128
11312 0.2946436826
11340 0.2918506808
11594 0.2296504460
11713 0.2102076739
11817 0.1858681980
11922 0.1789881313
12209 0.1740495132
12276 0.1663755332
12421 0.1620498004
12564 0.1593571553
12569 0.1575792134
12645 0.1529345047
12714 0.1519563053
12772 0.1483103492
12799 0.1447786142
13000 0.1413165390
13169 0.1402820514
13395 0.1388791009
13413 0.1362378113
13581 0.1354881975
13634 0.1345688789
13757 0.1343849103
13865 0.1336894219
14115 0.1334670274
14165 0.1333692947
14278 0.1330645459
14504 0.1328972653
14624 0.1328334542
14635 0.1328145988
14661 0.1327421311
14680 0.1327067463
14695 0.1326216415
14766 0.1325011464
14837 0.1324670069
14873 0.1324256851
14932 0.1324130944
14935 0.1323976090
14956 0.1322703632
15046 0.1322217357
15065 0.1320906853
15207 0.1320705758
15285 0.1319439746
15317 0.1319283266
15322 0.1318968047
15407 0.1318633293
15463 0.1318423219
15466 0.1317052944
15711 0.1316708223
15726 0.1316707949
15752 0.1316668555
15804 0.1316250019
15912 0.1316060220
16049 0.1315992254
16051 0.1315985612
16071 0.1315920858
16116 0.1315883448
16133 0.1315844879
16144 0.1315736443
16205 0.1315380712
16359 0.1315056942
16515 0.1314850703
16666 0.1314846773
16743 0.1314705559
16749 0.1314665569
16853 0.1314660191
16864 0.1314592453
17088 0.1314584736
17099 0.1314577637
17100 0.1314554052
17110 0.1314545062
17152 0.1314528514
17289 0.1314524032
17333 0.1314522659
17358 0.1314521349
17387 0.1314516801
17409 0.1314514774
17410 0.1314511909
17445 0.1314504668
17479 0.1314497829
17549 0.1314494061
17588 0.1314493494
17626 0.1314492398
17635 0.1314490273
17646 0.1314489130
17709 0.1314487880
17710 0.1314485032
17711 0.1314480098
17899 0.1314477827
17908 0.1314477085
17945 0.1314476435
17950 0.1314476262
18008 0.1314475268
18046 0.1314474752
18047 0.1314472659
18126 0.1314472646
18144 0.1314471354
18146 0.1314470870
18343 0.1314470774
18364 0.1314469926
18455 0.1314469728
18504 0.1314469520
18512 0.1314469035
18680 0.1314468842
18686 0.1314468774
18726 0.1314468743
18795 0.1314468707
18796 0.1314468623
18822 0.1314468572
18905 0.1314468567
18918 0.1314468558
18948 0.1314468499
19027 0.1314468358
19157 0.1314468306
19161 0.1314468296
19170 0.1314468228
19327 0.1314468055
19484 0.1314467946
19553 0.1314467681
19654 0.1314467582
19798 0.1314467561
19814 0.1314467481
19820 0.1314467456
19832 0.1314467393
19890 0.1314467134
19952 0.1314467091
19989 0.1314466954
20088 0.1314466902
20120 0.1314466837
20130 0.1314466706
20250 0.1314466613
20314 0.1314466581
20369 0.1314466491
20390 0.1314466483
20441 0.1314466481
20454 0.1314466439
20503 0.1314466372
20581 0.1314466323
20611 0.1314466292
20696 0.1314466216
20836 0.1314466156
20862 0.1314466052
21045 0.1314465992
21114 0.1314465974
21177 0.1314465885
21334 0.1314465843
21498 0.1314465769
21553 0.1314465700
21572 0.1314465585
21727 0.1314465582
21792 0.1314465570
21816 0.1314465543
21844 0.1314465531
21846 0.1314465519
21886 0.1314465507
21966 0.1314465485
22000 0.1314465464
22069 0.1314465447
22103 0.1314465439
22217 0.1314465386
22229 0.1314465370
22277 0.1314465325
22451 0.1314465323
22521 0.1314465311
22622 0.1314465261
22990 0.1314465253
23071 0.1314465246
23072 0.1314465238
23342 0.1314465235
23369 0.1314465233
23492 0.1314465232
23558 0.1314465230
23716 0.1314465227
23751 0.1314465223
23862 0.1314465222
23963 0.1314465221
23987 0.1314465218
24119 0.1314465217
24143 0.1314465214
24234 0.1314465212
24449 0.1314465210
24640 0.1314465209
24663 0.1314465207
25049 0.1314465203
25328 0.1314465202
25388 0.1314465200
25434 0.1314465199
25473 0.1314465195
25638 0.1314465193
25721 0.1314465191
25863 0.1314465189
25965 0.1314465181
26146 0.1314465179
26213 0.1314465174
26303 0.1314465172
26370 0.1314465168
26449 0.1314465165
26517 0.1314465162
26611 0.1314465160
26623 0.1314465153
26677 0.1314465149
26761 0.1314465146
27091 0.1314465143
28121 0.1314465142
28775 0.1314465141
29312 0.1314465140
29514 0.1314465139
29721 0.1314465138
30028 0.1314465136
30196 0.1314465135
30351 0.1314465134
30623 0.1314465132
30884 0.1314465131
31272 0.1314465130
31547 0.1314465129
31865 0.1314465127
32182 0.1314465125
32678 0.1314465124
33225 0.1314465123
34000 0.1314465122
34910 0.1314465121
50010 0.1314465120
evaluations raw_y
1 18.9534919090
2 3.5796854813
366 3.1001002440
380 2.2306764382
4944 0.9479166063
12908 0.8649525431
13045 0.8488608609
13078 0.8482921065
13080 0.7766314759
13155 0.6642572164
13196 0.5467750986
13815 0.5068116551
13929 0.5007807737
13956 0.4338935888
14067 0.4257585857
14155 0.4090963126
14276 0.4032578558
14290 0.3916887646
14517 0.3899419661
14519 0.3777514015
14612 0.3662252990
14703 0.3563041041
14837 0.3555941016
14841 0.3546939403
14883 0.3529791897
14987 0.3497738266
15062 0.3493639645
15229 0.3452955403
15253 0.3441342005
15316 0.3422165905
15388 0.3409446164
15422 0.3359996775
15568 0.3348507218
15861 0.3346075526
15928 0.3344057187
16032 0.3340295497
16167 0.3335539415
16275 0.3333724471
16311 0.3332231331
16388 0.3330867366
16474 0.3329720380
16540 0.3328273094
16623 0.3327617276
16824 0.3326548770
16986 0.3326519606
16998 0.3326370552
17031 0.3326342974
17089 0.3325868687
17187 0.3325859493
17306 0.3325774892
17337 0.3325684049
17427 0.3325601664
17484 0.3325205880
17913 0.3325143468
18108 0.3325055422
18360 0.3324752115
18752 0.3324660383
18756 0.3324467332
19037 0.3324412356
19071 0.3324353175
19153 0.3324309155
19207 0.3324253955
19425 0.3324249352
19432 0.3324228233
19503 0.3324220104
19514 0.3324207950
19600 0.3324193903
19605 0.3324190587
19623 0.3324183953
19659 0.3324180931
19664 0.3324175696
19719 0.3324157300
19762 0.3324143568
19808 0.3324136087
19809 0.3324126601
19866 0.3324111633
19871 0.3324109320
19944 0.3324100172
20035 0.3324094455
20147 0.3324091461
20308 0.3324081053
20370 0.3324078214
20490 0.3324070263
20527 0.3324067463
20554 0.3324065331
20586 0.3324062564
20616 0.3324061185
20649 0.3324057405
20704 0.3324056236
20755 0.3324048087
20983 0.3324044114
21027 0.3324042622
21156 0.3324037814
21387 0.3324037263
21389 0.3324035598
21470 0.3324034737
21553 0.3324034514
21578 0.3324033929
21625 0.3324033864
21626 0.3324033172
21648 0.3324032862
21669 0.3324032500
21785 0.3324031175
21867 0.3324031173
21914 0.3324031019
21991 0.3324030993
22081 0.3324030837
22158 0.3324030416
22163 0.3324030377
22233 0.3324029852
22536 0.3324029745
22682 0.3324029710
22744 0.3324029626
22853 0.3324029593
22916 0.3324029580
22921 0.3324029539
23003 0.3324029509
23081 0.3324029508
23115 0.3324029468
23151 0.3324029411
23396 0.3324029406
23467 0.3324029389
23734 0.3324029386
23741 0.3324029373
23767 0.3324029368
23787 0.3324029366
23927 0.3324029345
24063 0.3324029342
24130 0.3324029340
24166 0.3324029334
24348 0.3324029330
24542 0.3324029326
24644 0.3324029324
24992 0.3324029323
50010 0.3324029322
evaluations raw_y
1 8.1248794761
5 8.0515958392
6 6.9767101739
47 5.5843377796
80 4.5749244929
88 3.2314545817
450 3.2245197276
1177 3.1103319213
1646 1.9778817912
2559 1.4744641052
3327 1.4439200549
3414 1.1038352269
3602 0.7046690962
3794 0.6552864849
3951 0.5846133896
4131 0.5765318495
4134 0.5660868746
4212 0.5249746724
4289 0.4717846070
4516 0.4668389951
4566 0.4626982580
4629 0.4535615750
4768 0.4410610280
5166 0.4113429131
5442 0.4083190123
5874 0.4066783460
5985 0.4047813107
6152 0.4038092798
6201 0.4033218909
6385 0.4020341324
6450 0.4015629527
6476 0.4002719622
6628 0.3978613429
7063 0.3977047441
7111 0.3975624987
7118 0.3974726096
7169 0.3974378269
7274 0.3974190146
7279 0.3973808090
7465 0.3973575636
7475 0.3971094289
7493 0.3970056438
7544 0.3969319991
7576 0.3966415006
7892 0.3964620609
8105 0.3964417239
8218 0.3964157749
8307 0.3963991388
8549 0.3963475488
8643 0.3962237836
9017 0.3962213700
9044 0.3961872274
9182 0.3961325469
9338 0.3961274363
9390 0.3961204983
9428 0.3961141101
9564 0.3961126183
9626 0.3961108782
9679 0.3961107963
9681 0.3961047670
9735 0.3961047660
9754 0.3961015827
9893 0.3961001894
9976 0.3960987087
10112 0.3960975939
10362 0.3960967716
10378 0.3960966334
10528 0.3960962056
10623 0.3960961707
10772 0.3960956359
10909 0.3960955828
10962 0.3960952818
10970 0.3960950196
11063 0.3960941846
11238 0.3960939485
11321 0.3960939285
11756 0.3960938992
11967 0.3960938914
12034 0.3960938606
12484 0.3960938409
12522 0.3960938375
12537 0.3960937934
12623 0.3960937903
12666 0.3960937851
12781 0.3960937709
12794 0.3960937524
12832 0.3960937456
12986 0.3960937405
13090 0.3960937307
13095 0.3960937158
13165 0.3960937096
13320 0.3960937081
13382 0.3960936984
13477 0.3960936928
13626 0.3960936921
13631 0.3960936892
13652 0.3960936865
13707 0.3960936807
13724 0.3960936796
13739 0.3960936771
13881 0.3960936763
13900 0.3960936727
13902 0.3960936694
13955 0.3960936676
14073 0.3960936664
14076 0.3960936663
14106 0.3960936615
14183 0.3960936611
14198 0.3960936607
14209 0.3960936581
14410 0.3960936573
14479 0.3960936568
14622 0.3960936564
14631 0.3960936550
14760 0.3960936532
14837 0.3960936525
14931 0.3960936519
14967 0.3960936509
15165 0.3960936502
15232 0.3960936485
15238 0.3960936482
15316 0.3960936464
15387 0.3960936455
15478 0.3960936443
15527 0.3960936422
15669 0.3960936415
15733 0.3960936409
15910 0.3960936398
15952 0.3960936358
16082 0.3960936343
16113 0.3960936337
16281 0.3960936320
16385 0.3960936312
16443 0.3960936285
16698 0.3960936275
16780 0.3960936269
16801 0.3960936253
16903 0.3960936247
16937 0.3960936237
16989 0.3960936233
17152 0.3960936219
17278 0.3960936211
17288 0.3960936204
17327 0.3960936199
17381 0.3960936198
17385 0.3960936196
17387 0.3960936193
17393 0.3960936188
17432 0.3960936179
17627 0.3960936174
17648 0.3960936171
17677 0.3960936168
17735 0.3960936166
17744 0.3960936160
17786 0.3960936149
17909 0.3960936128
17947 0.3960936111
18025 0.3960936082
18135 0.3960936080
18155 0.3960936063
18292 0.3960936021
18326 0.3960935997
18428 0.3960935990
18531 0.3960935952
18663 0.3960935895
18676 0.3960935894
18708 0.3960935821
18743 0.3960935788
18860 0.3960935766
18924 0.3960935658
18998 0.3960935628
19043 0.3960935595
19162 0.3960935587
19229 0.3960935566
19259 0.3960935563
19266 0.3960935560
19327 0.3960935559
19355 0.3960935542
19370 0.3960935537
19386 0.3960935536
19388 0.3960935534
19406 0.3960935531
19413 0.3960935528
19415 0.3960935516
19446 0.3960935514
19466 0.3960935507
19475 0.3960935467
19600 0.3960935465
19621 0.3960935438
19622 0.3960935424
19655 0.3960935415
19704 0.3960935406
19707 0.3960935405
19737 0.3960935366
19783 0.3960935344
19806 0.3960935314
19894 0.3960935301
19907 0.3960935280
19948 0.3960935276
19995 0.3960935263
20122 0.3960935244
20272 0.3960935234
20298 0.3960935218
20311 0.3960935169
20343 0.3960935165
20360 0.3960935156
20424 0.3960935107
20452 0.3960934963
20506 0.3960934928
20557 0.3960934914
20559 0.3960934896
20598 0.3960934845
20663 0.3960934807
20751 0.3960934733
20884 0.3960934715
20890 0.3960934714
20903 0.3960934643
20937 0.3960934601
21007 0.3960934579
21033 0.3960934461
21095 0.3960934393
21141 0.3960934350
21225 0.3960934344
21249 0.3960934268
21302 0.3960934248
21309 0.3960934138
21316 0.3960933701
21384 0.3960933649
21449 0.3960933480
21497 0.3960933260
21525 0.3960933164
21567 0.3960933146
21601 0.3960932492
21711 0.3960932470
21738 0.3960932467
21785 0.3960932374
21801 0.3960932142
21828 0.3960931619
21926 0.3960930958
21951 0.3960930939
21954 0.3960930748
22038 0.3960930647
22043 0.3960930587
22056 0.3960929078
22235 0.3960928852
22261 0.3960928801
22282 0.3960928648
22322 0.3960928584
22347 0.3960928092
22358 0.3960927345
22383 0.3960927169
22422 0.3960926010
22433 0.3960918490
22544 0.3960915961
22663 0.3960915088
22667 0.3960913426
22710 0.3960909176
22771 0.3960907155
22798 0.3960905822
22823 0.3960905211
22829 0.3960904183
22904 0.3960901305
22951 0.3960894734
23004 0.3960894193
23012 0.3960889148
23030 0.3960844478
23148 0.3960803134
23207 0.3960794029
23235 0.3960780803
23321 0.3960775881
23324 0.3960775678
23353 0.3960773897
23368 0.3960747233
23462 0.3960747038
23473 0.3960735264
23566 0.3960735192
23585 0.3960732043
23711 0.3960725078
23782 0.3960720223
23884 0.3960718097
23944 0.3960716115
23979 0.3960715741
23982 0.3960715666
24025 0.3960713749
24077 0.3960713690
24104 0.3960712885
24105 0.3960712456
24189 0.3960711345
24193 0.3960710602
24219 0.3960710354
24347 0.3960709836
24356 0.3960709670
24397 0.3960708608
24509 0.3960708520
24616 0.3960708432
24663 0.3960708336
24701 0.3960707942
24712 0.3960707415
24762 0.3960706727
25003 0.3960706300
25070 0.3960706226
25120 0.3960706058
25157 0.3960705377
25261 0.3960705052
25327 0.3960704979
25335 0.3960704786
25336 0.3960704721
25365 0.3960704339
25389 0.3960703929
25432 0.3960703524
25448 0.3960703400
25485 0.3960703339
25490 0.3960703190
25510 0.3960702870
25554 0.3960702845
25639 0.3960702561
25643 0.3960702475
25657 0.3960702197
25683 0.3960701956
25718 0.3960701924
25724 0.3960701656
25801 0.3960701643
25825 0.3960701629
25831 0.3960701544
25836 0.3960701531
25895 0.3960701289
25953 0.3960701261
25983 0.3960701201
25996 0.3960701085
26090 0.3960701021
26104 0.3960700994
26130 0.3960700983
26215 0.3960700843
26236 0.3960700762
26306 0.3960700761
26341 0.3960700723
26343 0.3960700711
26393 0.3960700672
26443 0.3960700670
26518 0.3960700619
26582 0.3960700609
26682 0.3960700582
26714 0.3960700553
26827 0.3960700526
26931 0.3960700487
27065 0.3960700454
27111 0.3960700447
27184 0.3960700444
27224 0.3960700430
27242 0.3960700416
27302 0.3960700352
27384 0.3960700349
27483 0.3960700328
27584 0.3960700321
27632 0.3960700312
27684 0.3960700299
27724 0.3960700279
27838 0.3960700270
27891 0.3960700255
27953 0.3960700250
28022 0.3960700246
28087 0.3960700229
28111 0.3960700223
28113 0.3960700215
28280 0.3960700213
28342 0.3960700212
28344 0.3960700210
28352 0.3960700204
28403 0.3960700200
28485 0.3960700198
28501 0.3960700194
28512 0.3960700190
28676 0.3960700187
28753 0.3960700184
29004 0.3960700182
29029 0.3960700180
29350 0.3960700177
29525 0.3960700176
30003 0.3960700174
30044 0.3960700173
30266 0.3960700170
30353 0.3960700168
30803 0.3960700167
31263 0.3960700165
32021 0.3960700164
50010 0.3960700163
evaluations raw_y
1 16.8332521142
2 7.8449101639
3 7.7893739748
9 7.6367063621
34 7.3117104994
35 5.5874379987
52 5.4823142457
82 5.3520681702
273 5.2761720017
388 3.9668511728
723 3.3634017681
1872 2.2178394794
2379 1.7556153559
7635 1.2495158317
8036 1.2242170352
8300 1.1382616891
8781 0.8784122503
8997 0.5213891467
9195 0.4867360171
9258 0.4547561702
9396 0.4297935345
9400 0.4072569329
9432 0.3888279504
9481 0.3382920756
9592 0.3353586578
9626 0.3035028386
9648 0.3021142287
9818 0.2931842407
9846 0.2877369045
9952 0.2841397386
10190 0.2779505259
10342 0.2773737759
10367 0.2769388520
10425 0.2765005435
10442 0.2759803476
10466 0.2756703622
10591 0.2749442935
10622 0.2740034036
10685 0.2731906267
10750 0.2712276907
10806 0.2696193921
10998 0.2690190308
11069 0.2681805824
11149 0.2681577209
11162 0.2676428793
11187 0.2673991069
11307 0.2672922747
11365 0.2671564460
11493 0.2670272087
11680 0.2668254306
11716 0.2665363086
11866 0.2664306751
11999 0.2660316813
12505 0.2657356989
12628 0.2654896752
12870 0.2653630031
13039 0.2653333899
13165 0.2653022751
13181 0.2653013482
13315 0.2652816625
13324 0.2652794883
13331 0.2652779783
13381 0.2652742020
13441 0.2652522629
13627 0.2652475754
13738 0.2652464778
13746 0.2651759648
14108 0.2651507353
14224 0.2651310449
14309 0.2651152958
14342 0.2651110765
14356 0.2650761371
14555 0.2650653623
14758 0.2650638684
14880 0.2650621265
14902 0.2650595746
14993 0.2650590645
15000 0.2650589177
15066 0.2650550150
15149 0.2650538667
15309 0.2650532529
15357 0.2650531415
15494 0.2650494503
15831 0.2650474727
16191 0.2650474334
16278 0.2650473172
16490 0.2650472493
16537 0.2650468727
16742 0.2650465661
16936 0.2650465153
17014 0.2650464557
17050 0.2650464056
17082 0.2650463527
17174 0.2650463398
17286 0.2650462919
17425 0.2650462678
17465 0.2650462140
17548 0.2650462078
17631 0.2650461911
17832 0.2650461809
17877 0.2650461708
18083 0.2650461680
18186 0.2650461622
18476 0.2650461607
18515 0.2650461564
18532 0.2650461539
18779 0.2650461507
18864 0.2650461468
19166 0.2650461440
19419 0.2650461431
19479 0.2650461428
19656 0.2650461426
19668 0.2650461423
19961 0.2650461421
20036 0.2650461419
20433 0.2650461418
21236 0.2650461417
50010 0.2650461417
evaluations raw_y
1 6.4241763003
60 5.9483560390
149 4.3526016347
200 3.0460995129
410 2.8718541493
881 1.8874194064
1679 1.7397485818
1781 1.6973683772
1802 1.5965747086
1824 1.4865921734
1874 0.8492534503
2007 0.4656585644
2346 0.3779687318
2537 0.3593099188
2555 0.2927399046
2744 0.2871482239
2773 0.2738940192
2797 0.2595703624
2799 0.2509387666
2828 0.2313401866
2852 0.2280117210
2861 0.2238510287
2863 0.2019477162
2987 0.1927985842
3019 0.1887044777
3064 0.1784159165
3149 0.1782859701
3153 0.1727116287
3155 0.1574217335
3572 0.1569153147
3624 0.1564893005
3631 0.1560451661
3636 0.1558451656
3739 0.1534686714
3784 0.1498598899
3790 0.1489465978
3964 0.1487192344
3992 0.1481825408
4022 0.1475094762
4030 0.1473319768
4125 0.1456043620
4285 0.1454709838
4330 0.1453849114
4448 0.1435747554
4486 0.1425573097
4611 0.1424476036
4664 0.1423188988
4743 0.1419824222
4867 0.1418096353
4874 0.1417229109
4949 0.1416924054
4997 0.1416410399
5068 0.1413329969
5103 0.1412848983
5158 0.1412136115
5224 0.1411225088
5334 0.1411205675
5407 0.1410266018
5513 0.1410009808
5597 0.1409353006
5709 0.1409270793
5800 0.1409207298
5862 0.1409064521
5930 0.1409042305
5947 0.1409033523
5949 0.1408916328
6007 0.1408845801
6043 0.1408727466
6138 0.1408592254
6443 0.1408560511
6595 0.1408400530
6792 0.1408359121
6902 0.1408340708
6914 0.1408337866
6949 0.1408292154
7009 0.1408272087
7021 0.1408271510
7148 0.1408253624
7223 0.1408246905
7227 0.1408233591
7236 0.1408203416
7301 0.1408191355
7358 0.1408164072
7497 0.1408139449
7634 0.1408134607
7644 0.1408132214
7790 0.1408130310
7804 0.1408123782
7861 0.1408121245
7956 0.1408115961
8072 0.1408111422
8138 0.1408109337
8214 0.1408108895
8221 0.1408108371
8237 0.1408108198
8265 0.1408106795
8318 0.1408105899
8406 0.1408104578
8473 0.1408103457
8558 0.1408103326
8567 0.1408103214
8588 0.1408103156
8590 0.1408103111
8601 0.1408102479
8609 0.1408099587
8708 0.1408099532
8771 0.1408098944
8851 0.1408098633
8871 0.1408098383
8886 0.1408098002
8933 0.1408097895
9062 0.1408097639
9183 0.1408096941
9229 0.1408096347
9253 0.1408095905
9302 0.1408095530
9321 0.1408095261
9382 0.1408095231
9386 0.1408094980
9400 0.1408094829
9412 0.1408094240
9464 0.1408094051
9493 0.1408094013
9499 0.1408093901
9504 0.1408093449
9609 0.1408093263
9646 0.1408092950
9665 0.1408092855
9680 0.1408092754
9842 0.1408092673
9847 0.1408092280
10006 0.1408092005
10030 0.1408091661
10185 0.1408091507
10202 0.1408091462
10239 0.1408091043
10328 0.1408091039
10365 0.1408090952
10455 0.1408090858
10536 0.1408090839
10549 0.1408090777
10673 0.1408090629
10776 0.1408090565
10829 0.1408090553
10830 0.1408090500
10839 0.1408090379
10912 0.1408090070
10919 0.1408089773
11062 0.1408089769
11084 0.1408089524
11113 0.1408089401
11156 0.1408089270
11190 0.1408089266
11281 0.1408089264
11337 0.1408089034
11676 0.1408089005
11733 0.1408088983
11827 0.1408088947
11908 0.1408088931
12000 0.1408088929
12081 0.1408088927
12186 0.1408088916
12261 0.1408088915
12374 0.1408088904
12534 0.1408088897
12728 0.1408088896
13024 0.1408088895
13252 0.1408088894
14272 0.1408088893
15653 0.1408088892
50010 0.1408088891
